3.860194728797387564e-01 3.867284440383435551e-01 3.731664930447998740e-01 3.442222570991471109e-01 3.247675528692268165e-01 3.440552446251240459e-01 3.719509405249075140e-01 4.051237633959600681e-01 4.445436197524225141e-01 4.903214131091370720e-01 5.474406982253127163e-01 6.167920170867544627e-01 7.053664727549440183e-01 8.057886075368638767e-01 9.140965486822403285e-01 1.030359572572332905e+00 1.154618563850035473e+00 1.286886642496000377e+00 1.427148958954700841e+00 1.575362483906399769e+00 1.731457291697101386e+00 1.895334999641351548e+00 2.066868124441345156e+00 2.245903157595329880e+00
3.850502897513090605e-01 3.857529464805053432e-01 3.723480953605706745e-01 3.438038868023780004e-01 3.248034239857827132e-01 3.441552571144068096e-01 3.720889771098603305e-01 4.053427631250237639e-01 4.448109946493334355e-01 4.906674318994229123e-01 5.478788874430052802e-01 6.172393547828470828e-01 7.059696681012956887e-01 8.066701791458243953e-01 9.153240844805444754e-01 1.032010017808860258e+00 1.156779576341611993e+00 1.289656981125360868e+00 1.430639893718400391e+00 1.579697759325665585e+00 1.736775639733810106e+00 1.901789546634747863e+00 2.074628318155655737e+00 2.255155758198420735e+00
3.901448826182358220e-01 3.894213002361731069e-01 3.749451308362828916e-01 3.460336898273573270e-01 3.271085716873310401e-01 3.457082804865010961e-01 3.740087314804427243e-01 4.076372291385348401e-01 4.474966460013233838e-01 4.938135742936737294e-01 5.515615247931774379e-01 6.216136333446581341e-01 7.110676237983197812e-01 8.130377631379878123e-01 9.231888462228211578e-01 1.041627094429137257e+00 1.168433398921125521e+00 1.303663839241852251e+00 1.447349120987295290e+00 1.599495464619915541e+00 1.760086085088852892e+00 1.929077894870759868e+00 2.106404337049464282e+00 2.291974930053641391e+00
3.906806534612630721e-01 3.894163492701034901e-01 3.750180298567799553e-01 3.471785556591577282e-01 3.296488460335860737e-01 3.481556258587057417e-01 3.770371361009131062e-01 4.112577510846129880e-01 4.517625167531104657e-01 4.987553775386270871e-01 5.573204978465818860e-01 6.284289940442203681e-01 7.189802339987920732e-01 8.228847617145599314e-01 9.353106643764957928e-01 1.056404178787573755e+00 1.186288747150740175e+00 1.325066042989500925e+00 1.472815640488623679e+00 1.629595442415695761e+00 1.795443249081912773e+00 1.970374529179136136e+00 2.154384604673795334e+00 2.347448973256576199e+00
3.778354955576844199e-01 3.788750966572670964e-01 3.677005056009416406e-01 3.441934509756082727e-01 3.308190645828834597e-01 3.513094624596819204e-01 3.809110575022664480e-01 4.158863641293849001e-01 4.571693832746710484e-01 5.051974891506028076e-01 5.648066123710825392e-01 6.372044986913736331e-01 7.292050685054344283e-01 8.355306932760969696e-01 9.507906232221603471e-01 1.075177785519980000e+00 1.208865434082413648e+00 1.352007701128037143e+00 1.504740029515887700e+00 1.667179345476503149e+00 1.839426030199391660e+00 2.021561755402571769e+00 2.213650804362003122e+00 2.415742047163752293e+00
3.676936360466473985e-01 3.704375217154234345e-01 3.619620598722363969e-01 3.424177385419123754e-01 3.329131071670916042e-01 3.549477998024357372e-01 3.854332916568284362e-01 4.213519354186465726e-01 4.635683379643011359e-01 5.127441883844847670e-01 5.735443276136310553e-01 6.474463163419922340e-01 7.411172072432186120e-01 8.501656864685398496e-01 9.685968444489272411e-01 1.096651848631705395e+00 1.234555041338579962e+00 1.382514937112195197e+00 1.540724087628027705e+00 1.709359147966839965e+00 1.888583911703870966e+00 2.078545931817249670e+00 2.279378758508262770e+00 2.491203756840449035e+00
3.606591472267735576e-01 3.645197080900697273e-01 3.581629594073011402e-01 3.420473116448186635e-01 3.359105948684245058e-01 3.589540720275243846e-01 3.904519961973789144e-01 4.273112205810556397e-01 4.705678135143560037e-01 5.209997231687227837e-01 5.831388556179258886e-01 6.587240856895886232e-01 7.542485218867421848e-01 8.661857661042475787e-01 9.879627084492107469e-01 1.119867551860338928e+00 1.262174149590202354e+00 1.415142632465024475e+00 1.579020298275936041e+00 1.754040581866057380e+00 1.940427127850060662e+00 2.138389461738550157e+00 2.348125771068445999e+00 2.569825183842633365e+00
3.527138409466249458e-01 3.579968448868128816e-01 3.540710846455959460e-01 3.416427775365211139e-01 3.390103788618513136e-01 3.632035182233630533e-01 3.956556443441447413e-01 4.335597837421298339e-01 4.779379784454267921e-01 5.297474125475101214e-01 5.933384874495767347e-01 6.706809958089645640e-01 7.681293151489336779e-01 8.830120898637763283e-01 1.008182636426715684e+00 1.143972827615762133e+00 1.290702615518761087e+00 1.448679962040928970e+00 1.618202330883248052e+00 1.799555410823050039e+00 1.993016571908382994e+00 2.198852087968697688e+00 2.417318712392594549e+00 2.648664887485725927e+00
3.447647181061260779e-01 3.515761941710453531e-01 3.501530229698903707e-01 3.413939986768344537e-01 3.421598881098567579e-01 3.674880203626490482e-01 4.009739535300180235e-01 4.399908167291828320e-01 4.855681871950197626e-01 5.387782411102752800e-01 6.038515159098203355e-01 6.829823666150229844e-01 7.824178071338651064e-01 9.002333042652915784e-01 1.028766146325323705e+00 1.168388072222396268e+00 1.319460698722221714e+00 1.482335538014240450e+00 1.657355154091793681e+00 1.844851877261880713e+00 2.045151728445644856e+00 2.258570836784444147e+00 2.485417498159359528e+00 2.725993721109576384e+00
3.368748578525417869e-01 3.453072327832205635e-01 3.464241860076607837e-01 3.412593899628986183e-01 3.452788089604946764e-01 3.717411852073222445e-01 4.063495537428142845e-01 4.465037027407942616e-01 4.932818508596353291e-01 5.478979965336784330e-01 6.144898721905940331e-01 6.954589115950463585e-01 7.969335514991551239e-01 9.176371658868566206e-01 1.049465706796688158e+00 1.192827152906691834e+00 1.348120677566337466e+00 1.515736636304433116e+00 1.696058012536838300e+00 1.889458675271999732e+00 2.096307606109699240e+00 2.316965432444503925e+00 2.551785686235150674e+00 2.801117122223597988e+00
3.288862524736345105e-01 3.390597787313839873e-01 3.427741256344679632e-01 3.411429042296284520e-01 3.483061563774020319e-01 3.759698065853481763e-01 4.117140572702585599e-01 4.529853368842430283e-01 5.009713014397535469e-01 5.570215095265270699e-01 6.251752672902145536e-01 7.079959052436672895e-01 8.115056112754517326e-01 9.350298432763767265e-01 1.070063797754972734e+00 1.217048318446195321e+00 1.376415825529166526e+00 1.548591814047609816e+00 1.733994868918845134e+00 1.933036452940949390e+00 2.146123546826362194e+00 2.373655544084459112e+00 2.616026017877987719e+00 2.873624793339635719e+00
3.210798301222101414e-01 3.330420674772585632e-01 3.393328933514083157e-01 3.411023906430278863e-01 3.512558406660490351e-01 3.801571036609127652e-01 4.169905804589650322e-01 4.593777706514396431e-01 5.085960074548850907e-01 5.661015212156217391e-01 6.358188975776501994e-01 7.204682930139210129e-01 8.259962365462341083e-01 9.522595053781151009e-01 1.090395005471365364e+00 1.240872639028183233e+00 1.404155866173573797e+00 1.580700559817777684e+00 1.770958196889571568e+00 1.975372873734564383e+00 2.194385283914839224e+00 2.428429366256524613e+00 2.677934637593064160e+00 2.943327148590949793e+00
3.137354371939812259e-01 3.274593113372172848e-01 3.362282802442969065e-01 3.411976790513621682e-01 3.541411547552924532e-01 3.842663683741450176e-01 4.221526000554406965e-01 4.656715397088524999e-01 5.161404177922607195e-01 5.750828801472790408e-01 6.463529933656809723e-01 7.328075097217784384e-01 8.403285760265728488e-01 9.692454779618286942e-01 1.110376357598708896e+00 1.264217606129150129e+00 1.431259857606453245e+00 1.611987627640060650e+00 1.806880617295026914e+00 2.016412578428824709e+00 2.241054938300378385e+00 2.481272464127977084e+00 2.737525809939818089e+00 3.010273027954045943e+00
3.069123406994038739e-01 3.223413524316073864e-01 3.334636183395858766e-01 3.414175325235749292e-01 3.569487315720569764e-01 3.882707386971196994e-01 4.272083729741908975e-01 4.718637544847533172e-01 5.235696287000023430e-01 5.839291245243951600e-01 6.567334937862079336e-01 7.449722135216438890e-01 8.544661379754302510e-01 9.859537626915342301e-01 1.129978243391190462e+00 1.287060255624778549e+00 1.457714844941231380e+00 1.642452396814388926e+00 1.841778652669288308e+00 2.056194107597009157e+00 2.286197082570199601e+00 2.532280163512191873e+00 2.794932545105131450e+00 3.074641059008078159e+00
3.005757381528863514e-01 3.176480794784646844e-01 3.309998380849456523e-01 3.417359221922778301e-01 3.596742393936096516e-01 3.921743111135659321e-01 4.321589047649938009e-01 4.779415432910604222e-01 5.308637069643294959e-01 5.926172078813666255e-01 6.669424023280491332e-01 7.569351814251296107e-01 8.683790465671753500e-01 1.002357293311937125e+00 1.149178378374877907e+00 1.309385107055856645e+00 1.483515124221242543e+00 1.672102261046056304e+00 1.875675491182534182e+00 2.094759695433120239e+00 2.329877995894260145e+00 2.581548324691266938e+00 2.850284667763670399e+00 3.136600349735343851e+00
2.946637904882137837e-01 3.133188876608140050e-01 3.287845482979785960e-01 3.421212442573124402e-01 3.623125923018553074e-01 3.959840387808002404e-01 4.370070974108049566e-01 4.838905155827438187e-01 5.380160828641897819e-01 6.011399375963512037e-01 6.769654267842123430e-01 7.686766815312343626e-01 8.820277616177584212e-01 1.018417008227255227e+00 1.167939579881189127e+00 1.331158572099573778e+00 1.508632661739910175e+00 1.700916457055536624e+00 1.908561163862314114e+00 2.132113615172013255e+00 2.372119365555132475e+00 2.629118875379240716e+00 2.903650070396334826e+00 3.196248714305606864e+00
2.891875243578995169e-01 3.093549376036132670e-01 3.268148277175834671e-01 3.425768184237341640e-01 3.648762103909015120e-01 3.997058831288195502e-01 4.417486320912493714e-01 4.897131143691891841e-01 5.450220414414010950e-01 6.094983256612966915e-01 6.867928305450570203e-01 7.801878932442213310e-01 8.954008955518477642e-01 1.034125316286312657e+00 1.186259501346692780e+00 1.352385662913217823e+00 1.533081572990843133e+00 1.728921290617602802e+00 1.940476260690874089e+00 2.168313013068408512e+00 2.412998678235215522e+00 2.675093802086068173e+00 2.955157724643008077e+00 3.253748281791452701e+00
2.841388784405632362e-01 3.057425984358456694e-01 3.250767051061722035e-01 3.430974750804658968e-01 3.673694659799893181e-01 4.033382352817880268e-01 4.463812662992618918e-01 4.954088209858395486e-01 5.518850776671502256e-01 6.176796210976975843e-01 6.964206405874091566e-01 7.914577050294921978e-01 9.084951470056447098e-01 1.049483113054741512e+00 1.204145167274491834e+00 1.373080538220280866e+00 1.556885066171260767e+00 1.756151243164679521e+00 1.971468222131216086e+00 2.203422027820538531e+00 2.452598511348342392e+00 2.719577677957972117e+00 3.004938161449768330e+00 3.309257771584225516e+00
2.795324219142136801e-01 3.024902430983842927e-01 3.235767865571523849e-01 3.436940027172717405e-01 3.698066713549332252e-01 4.068841030479760090e-01 4.509067471532268723e-01 5.009790293621457780e-01 5.586020363771875274e-01 6.256914711226002623e-01 7.058461617362412621e-01 8.024927095809566424e-01 9.213104216674885549e-01 1.064494541430492047e+00 1.221605508056233136e+00 1.393258887810342017e+00 1.580067230889039998e+00 1.782639650917367646e+00 2.001583230342460773e+00 2.237500489262615577e+00 2.490995099252260925e+00 2.762665996597446494e+00 3.053108901314395940e+00 3.362920409313151726e+00
2.753041284272844669e-01 2.995419576265861972e-01 3.222729684197275790e-01 3.443454994513980849e-01 3.721867323033826724e-01 4.103503489479405908e-01 4.553329073601609656e-01 5.064320743562036320e-01 5.651753836023366562e-01 6.335316721011362562e-01 7.150688637088161714e-01 8.132878499334766920e-01 9.338468047401816685e-01 1.079163025194972869e+00 1.238648527782161723e+00 1.412934205308349789e+00 1.602648351556088757e+00 1.808415912953362570e+00 2.030859498650837480e+00 2.270598903732476082e+00 2.528253846908496083e+00 2.804439117953827054e+00 3.099768855145411450e+00 3.414855767552114507e+00
2.714446828595711847e-01 2.968882534388023742e-01 3.211591877930250472e-01 3.450537956189408395e-01 3.745175235631041377e-01 4.137390332877998178e-01 4.596608201029058205e-01 5.117651356185392020e-01 5.716100605909225640e-01 6.412030066082143875e-01 7.240957091988912131e-01 8.238650940153240398e-01 9.461076923166082953e-01 1.093495230544418551e+00 1.255285094757982778e+00 1.432122849096934880e+00 1.624651098265603499e+00 1.833510051693871379e+00 2.059337256253074511e+00 2.302767949396110847e+00 2.564436581400865833e+00 2.844974795509873644e+00 3.145011306457888178e+00 3.465175230700008768e+00
2.679145351758308036e-01 2.944953611117684389e-01 3.202109818721090018e-01 3.458084411074709985e-01 3.768002373816161654e-01 4.170534237647451348e-01 4.638965433611198508e-01 5.169826683987484017e-01 5.779076220925170038e-01 6.487079262717191375e-01 7.329306794250008972e-01 8.341971415623163910e-01 9.581000479747101561e-01 1.107501656335187157e+00 1.271530331517700896e+00 1.450844862728535523e+00 1.646102185014870045e+00 1.857955899037774694e+00 2.087058802125715928e+00 2.334059185073310339e+00 2.599607371411222889e+00 2.884349370406185553e+00 3.188928086036046938e+00 3.513988240412233566e+00
2.646929654544731836e-01 2.923458525164261967e-01 3.194172559816633172e-01 3.466081437623584893e-01 3.790410066766785602e-01 4.202982461125564506e-01 4.680406642562255359e-01 5.220909562865925224e-01 5.840694073966905542e-01 6.560527192784126882e-01 7.415740428226306191e-01 8.443040288042514829e-01 9.698315263491215088e-01 1.121193317677236623e+00 1.287398630416526801e+00 1.469119685564101108e+00 1.667026267164527065e+00 1.881785434986596561e+00 2.114063127029430778e+00 2.364521832944640245e+00 2.633825270914911254e+00 2.922632794754795427e+00 3.231602903475081945e+00 3.561393049809762346e+00
2.617233361089066346e-01 2.903925120077625599e-01 3.187442965426722230e-01 3.474360727987528819e-01 3.812387063135014853e-01 4.234816414799955075e-01 4.720988844287969943e-01 5.270910036219900174e-01 5.901011491639106543e-01 6.632426531375864576e-01 7.500310186586844896e-01 8.541902541539315719e-01 9.813054047423678261e-01 1.134575493808738678e+00 1.302898527364769077e+00 1.486959004294978071e+00 1.687439212747615658e+00 1.905019029869752023e+00 2.140377026397557003e+00 2.394188565707926486e+00 2.667130277116255499e+00 2.959875485123264038e+00 3.273094548244865898e+00 3.607459600594485671e+00
2.590243831261265783e-01 2.886509609456135439e-01 3.182054163227403532e-01 3.483044166386802254e-01 3.834011935601155385e-01 4.265990569238351515e-01 4.760763511837077799e-01 5.319878867982863468e-01 5.960093253608843566e-01 6.702795227536642031e-01 7.583080036995585305e-01 8.638654353384749296e-01 9.925311674002456064e-01 1.147660876289292364e+00 1.318045988988647554e+00 1.504383043677812504e+00 1.707366173863325454e+00 1.927687203103840785e+00 2.166036984815988387e+00 2.423103450958337124e+00 2.699575524305437124e+00 2.996138596693126654e+00 3.313476116200698929e+00 3.652272746035589712e+00
2.565679128979903023e-01 2.870983172233531056e-01 3.177851209935195764e-01 3.492073222213626926e-01 3.855304197009396527e-01 4.296547247540319914e-01 4.799711409759279679e-01 5.367841926381876627e-01 6.017935493090678101e-01 6.771676931251167098e-01 7.664107684612272431e-01 8.733306961372309107e-01 1.003512882299069764e+00 1.160454936149857286e+00 1.332848917804018152e+00 1.521402407685111591e+00 1.726820838749277165e+00 1.949808132057805565e+00 2.191065996486849965e+00 2.451294683322195578e+00 2.731194362112237872e+00 3.031462643844706317e+00 3.352795787648730208e+00 3.695889541527054067e+00
2.543016679991475515e-01 2.856918648019895479e-01 3.174531190870646391e-01 3.501295431623972498e-01 3.876251739956131925e-01 4.326580302701958924e-01 4.837882018788279281e-01 5.414820477312877189e-01 6.074579972267517558e-01 6.839134674456066598e-01 7.743416871464482432e-01 8.825961684339032054e-01 1.014260195161267530e+00 1.172970254506047416e+00 1.347322719261449864e+00 1.538035995766388497e+00 1.745826648001923775e+00 1.971409138391960081e+00 2.215496810492606716e+00 2.478800592700329375e+00 2.762032566238372233e+00 3.065902005757707105e+00 3.391115172487856988e+00 3.738380703635531876e+00
2.522512535287332325e-01 2.844525936513493392e-01 3.172259479620200828e-01 3.510827603561711974e-01 3.896895748212759747e-01 4.355990277902322405e-01 4.875321546829676223e-01 5.460874813384142268e-01 6.130101275056963894e-01 6.905187217461516980e-01 7.821087178261397765e-01 8.916665716902550942e-01 1.024777958581317483e+00 1.185213256826116224e+00 1.361476019143832650e+00 1.554294968036442182e+00 1.764396960172185613e+00 1.992507124453961165e+00 2.239349821325101075e+00 2.505646743975704194e+00 2.792120419362240202e+00 3.099491148744014435e+00 3.428476497940490031e+00 3.779795701188965129e+00
2.503817676400831305e-01 2.833532711551370320e-01 3.170857318176946160e-01 3.520606798078766975e-01 3.917276950009274117e-01 4.384896975943976538e-01 4.912026721320184031e-01 5.506013517164605187e-01 6.184489281339423661e-01 6.969899207556085052e-01 7.897171905855061569e-01 9.005494503869801992e-01 1.035076606632683971e+00 1.197196788864732575e+00 1.375324184276265127e+00 1.570197624308556694e+00 1.782553959957293932e+00 2.013128943366335299e+00 2.262656442546275848e+00 2.531869029082705058e+00 2.821499709922425048e+00 3.132278903717220953e+00 3.464934784276965551e+00 3.820197778441006164e+00
2.486633616089252152e-01 2.823683866740900328e-01 3.170130891067282075e-01 3.530509049139052835e-01 3.937334418389095703e-01 4.413273503775308471e-01 4.948031880278602745e-01 5.550253112243614950e-01 6.237804749500884816e-01 7.033313354976675758e-01 7.971685643633529272e-01 9.092487176138103200e-01 1.045161432404949187e+00 1.208927651603878939e+00 1.388875950306827756e+00 1.585754808995699205e+00 1.800311134475910180e+00 2.033290180112370837e+00 2.285436046455818104e+00 2.557490527508861078e+00 2.850197561149371506e+00 3.164296877594110047e+00 3.500527682938774365e+00 3.859629701619384790e+00
2.471004359654860039e-01 2.815030449410074187e-01 3.170138961150583135e-01 3.540608698594084336e-01 3.957138903462793511e-01 4.441152090926432927e-01 4.983372003422554264e-01 5.593670820455428627e-01 6.290070596523552604e-01 7.095449144888936743e-01 8.044708393871196073e-01 9.177702873910734693e-01 1.055040773498743922e+00 1.220415812384916476e+00 1.402143586892934835e+00 1.600981726699508112e+00 1.817686323068596010e+00 2.053011960205375352e+00 2.307712750660241507e+00 2.582540343784799575e+00 2.878247522705281725e+00 3.195584217805464977e+00 3.535298964824759249e+00 3.898141747078072594e+00
2.456650256980865976e-01 2.807336518973570505e-01 3.170705646484132667e-01 3.550799457828487937e-01 3.976649151555694539e-01 4.468537460515631388e-01 5.018050877187757441e-01 5.636226943958890789e-01 6.341327238964253876e-01 7.156372189037861764e-01 8.116287090142259020e-01 9.261225103378480927e-01 1.064720279873789144e+00 1.231668700850466314e+00 1.415135874352567047e+00 1.615888446827310920e+00 1.834691831154941166e+00 2.072309534240714957e+00 2.329505026631288001e+00 2.607038680212474979e+00 2.905673577677318598e+00 3.226168203511376120e+00 3.569281794989418444e+00 3.935772249970062475e+00
2.443511487097561885e-01 2.800563005849267539e-01 3.171816762515010657e-01 3.561099477445210382e-01 3.995901839053164761e-01 4.495464162502624261e-01 5.052096975690836267e-01 5.678001796415476088e-01 6.391594590767624151e-01 7.216102616190748220e-01 8.186454969671705939e-01 9.343078283530245054e-01 1.074206541751988819e+00 1.242694270203580809e+00 1.427862511021306569e+00 1.630486977555013928e+00 1.851341660929161526e+00 2.091199159651415229e+00 2.350831367585263898e+00 2.631008513708808838e+00 2.932502121319056521e+00 3.256079690340702548e+00 3.602509411590014032e+00 3.972558930244407982e+00
2.431607117283448027e-01 2.794730202534581043e-01 3.173498161332049539e-01 3.571534283598629123e-01 4.014914542742538672e-01 4.521915957600996516e-01 5.085521614292246584e-01 5.718996379112709638e-01 6.440917733070473661e-01 7.274693599290592561e-01 8.255265422104686168e-01 9.423339947314357534e-01 1.083507001175496587e+00 1.253501216829498333e+00 1.440334005688045815e+00 1.644789689242909025e+00 1.867650805988913199e+00 2.109698286913823662e+00 2.371712930749072523e+00 2.654473230136231265e+00 2.958759761733419147e+00 3.285349221628231842e+00 3.635017877228433392e+00 4.008542531003433496e+00
2.420700258491507439e-01 2.789643051374601779e-01 3.175608148565788325e-01 3.582029113362202866e-01 4.033674891354505077e-01 4.547933692964803987e-01 5.118362998976835332e-01 5.759238417132814813e-01 6.489311370472765628e-01 7.332169174416628410e-01 8.322765817459311100e-01 9.502056613361135051e-01 1.092626916610184074e+00 1.264096264736566111e+00 1.452558640685353675e+00 1.658806495342800114e+00 1.883630512692672898e+00 2.127820329323417692e+00 2.392164740636621989e+00 2.677451058854305899e+00 2.984467656835957605e+00 3.314000759725330703e+00 3.666834405599900482e+00 4.043754137897993317e+00
2.410724324685762088e-01 2.785252207814589154e-01 3.178114862536099983e-01 3.592573783274960464e-01 4.052186337125786575e-01 4.573518406982811646e-01 5.150605459660184682e-01 5.798745929554817158e-01 6.536819504155176874e-01 7.388565409680265539e-01 8.388984474281969694e-01 9.579267594872944436e-01 1.101571584628598721e+00 1.274485850146616306e+00 1.464543861263033930e+00 1.672546188334822048e+00 1.899291689740029376e+00 2.145577687264358602e+00 2.412201953042669267e+00 2.699958821959917543e+00 3.009646109203108821e+00 3.342057065568320606e+00 3.697984579278930983e+00 4.078223396264908374e+00
2.401665579780149773e-01 2.781547763622086444e-01 3.181019894420324956e-01 3.603181493138170599e-01 4.070464896883839723e-01 4.598676747686878397e-01 5.182292707692869316e-01 5.837545095878274859e-01 6.583460810520862516e-01 7.443927021988857584e-01 8.453981084934522050e-01 9.655050886658048670e-01 1.110349066747220670e+00 1.284679414153358179e+00 1.476301044336957080e+00 1.686022062000112065e+00 1.914649396176778096e+00 2.162988514674214269e+00 2.431844564691601374e+00 2.722020219470486779e+00 3.034320730038882807e+00 3.369548118426018313e+00 3.728503508637889929e+00 4.111988046731678281e+00
2.393427597992582312e-01 2.778454264589813039e-01 3.184272766839597035e-01 3.613829018432000995e-01 4.088513763703282566e-01 4.623424372258279624e-01 5.213442360301965284e-01 5.875654876333403775e-01 6.629260769889455673e-01 7.498279160960231726e-01 8.517772428131240581e-01 9.729413453307363957e-01 1.118962334104562029e+00 1.294680408429660368e+00 1.487834225995920523e+00 1.699239364942096264e+00 1.929710102317353515e+00 2.180060120594192519e+00 2.451101395177089248e+00 2.743645190719957050e+00 3.058504457785331532e+00 3.396488345707237677e+00 3.758405918049690264e+00 4.145066873589989598e+00
2.385893080861990756e-01 2.775875563993309147e-01 3.187802148661673107e-01 3.624479108909359204e-01 4.106324196505558577e-01 4.647776546435669620e-01 5.244058166384124586e-01 5.913105028704169763e-01 6.674246781275678941e-01 7.551653856010468457e-01 8.580418968309023731e-01 9.802429244877797210e-01 1.127418594782955807e+00 1.304497875056970901e+00 1.499154051503375218e+00 1.712210217194914064e+00 1.944488220425574232e+00 2.196808477147199401e+00 2.469991636790318523e+00 2.764855251195308838e+00 3.082220494047691606e+00 3.422904430128435482e+00 3.787723038833114231e+00 4.177494393067190614e+00
2.379055606888220431e-01 2.773812425581118069e-01 3.191618004434071953e-01 3.635146322045825773e-01 4.123912546484680974e-01 4.671739154001175454e-01 5.274149389183088177e-01 5.949904932665143198e-01 6.718439795863809794e-01 7.604074623954711898e-01 8.641946361402372823e-01 9.874124223285701829e-01 1.135721366676950117e+00 1.314135749167997025e+00 1.510265401726850865e+00 1.724940350428128433e+00 1.958989954028033553e+00 2.213241899270152135e+00 2.488523682547459703e+00 2.785661276579152190e+00 3.105482155587904192e+00 3.448810890593822176e+00 3.816471189848489765e+00 4.209288417654808434e+00
2.372880047017738581e-01 2.772237670563694190e-01 3.195702450908302628e-01 3.645828036086199431e-01 4.141283097814808523e-01 4.695316348708472587e-01 5.303747477828101298e-01 5.986073357532802897e-01 6.761870741398376961e-01 7.655583678600647035e-01 8.702388291591383052e-01 9.944561726778454736e-01 1.143877403681883953e+00 1.323602049570192118e+00 1.521177464931637191e+00 1.737440851294087096e+00 1.973228503548312140e+00 2.229374872988656442e+00 2.506715209019854562e+00 2.806081973839483545e+00 3.128310180148151876e+00 3.474231771889131792e+00 3.844677680451724644e+00 4.240480371510135349e+00
2.367262983269554366e-01 2.771065482246399259e-01 3.199997060597528642e-01 3.656494084687764157e-01 4.158436154857850786e-01 4.718536191124700907e-01 5.332859434109048502e-01 6.021629211176370289e-01 6.804560192415035624e-01 7.706205950517384107e-01 8.761776700901530157e-01 1.001376033786221864e+00 1.151890632765999012e+00 1.332901438083310186e+00 1.531896024986675764e+00 1.749718041252600109e+00 1.987210808666172612e+00 2.245216163412095511e+00 2.524575697993337364e+00 2.826129146696789718e+00 3.150718584446349890e+00 3.499182792077568216e+00 3.872359912720462649e+00 4.271089113484699773e+00
2.362143705261418869e-01 2.770249085373278075e-01 3.204464640476867854e-01 3.667125120996573284e-01 4.175366675007133876e-01 4.741398329800448619e-01 5.361492831528835712e-01 6.056601549555816755e-01 6.846531028770305172e-01 7.755952762154167957e-01 8.820145610044317630e-01 1.008175901949379005e+00 1.159762459834225545e+00 1.342035832936159023e+00 1.542423154627806881e+00 1.761774770057485062e+00 2.000940741261505895e+00 2.260769657114868991e+00 2.542110248641422210e+00 2.845808358487706524e+00 3.172713091970576382e+00 3.523670824075593178e+00 3.899525616027685437e+00 4.301124126922353241e+00
2.357547107741105874e-01 2.769812124989681767e-01 3.209133441902675132e-01 3.677744125930955676e-01 4.192089785786773382e-01 4.763904091878021219e-01 5.389659377603864820e-01 6.090990190335507926e-01 6.887795209494745885e-01 7.804872470362599346e-01 8.877535013113970752e-01 1.014861734170980911e+00 1.167503461049780089e+00 1.351017442887617603e+00 1.552773083354436423e+00 1.773627433239046036e+00 2.014437000309250880e+00 2.276057144145345212e+00 2.559342728685415125e+00 2.865146910312314610e+00 3.194325373069859975e+00 3.547730618142624248e+00 3.926214365005020301e+00 4.330629041259662415e+00
2.353447757328990808e-01 2.769732664159808566e-01 3.213986124868526417e-01 3.688347848614924041e-01 4.208608716391016302e-01 4.786060657378934380e-01 5.417391429914556467e-01 6.124824719734209832e-01 6.928379879252012374e-01 7.852982719552822344e-01 8.933964583071761778e-01 1.021435372659827534e+00 1.175113753232989833e+00 1.359846528550313183e+00 1.562946358028005633e+00 1.785276874955980864e+00 2.027700558910091821e+00 2.291079547211168244e+00 2.576274838931466693e+00 2.884146610486545192e+00 3.215557154291198927e+00 3.571364932202964582e+00 3.952428598329596809e+00 4.359607396211023556e+00
2.349690516302350152e-01 2.769886692153175067e-01 3.218933734731381224e-01 3.698884477516329872e-01 4.224917729529406585e-01 4.807905119748274725e-01 5.444680009214550864e-01 6.158103480482937098e-01 6.968310923131694201e-01 7.900293858763395294e-01 8.989457534306281028e-01 1.027898894623600512e+00 1.182595327671404739e+00 1.368525631041518142e+00 1.572945755685865032e+00 1.796726075709288217e+00 2.040734884613035316e+00 2.305840973001934469e+00 2.592912247274080872e+00 2.902814158547074808e+00 3.236415581206744996e+00 3.594582152245005435e+00 3.978177920586541294e+00 4.388069409098634743e+00
2.346494744885205264e-01 2.770461933188498316e-01 3.224126588282965056e-01 3.709459183892830914e-01 4.241060086844237742e-01 4.829406405909412170e-01 5.471547944888291992e-01 6.190872286015846049e-01 7.007597406264848283e-01 7.946844249247928538e-01 9.044063582137550350e-01 1.034258298169794976e+00 1.189956451023532535e+00 1.377064270459637640e+00 1.582782681668720492e+00 1.807988047584652591e+00 2.053555316576759271e+00 2.320359339580162938e+00 2.609273501281359486e+00 2.921170562878756094e+00 3.256924946368112472e+00 3.617409157184610091e+00 4.003492879198594423e+00 4.416049389097435274e+00
2.343671511336277991e-01 2.771300168694840749e-01 3.229445395148551334e-01 3.719996244870337754e-01 4.257013181899094723e-01 4.850597683171121166e-01 5.497991199711380617e-01 6.223118134357209508e-01 7.046261649946228278e-01 7.992653515612946347e-01 9.097776927403112834e-01 1.040514711379009860e+00 1.197198945812215864e+00 1.385464421348420405e+00 1.592459355347536354e+00 1.819065831841288006e+00 2.066165183803969185e+00 2.334637807829066158e+00 2.625363709101001142e+00 2.939221370327480543e+00 3.277091773363732585e+00 3.639852733340364299e+00 4.028381321245904978e+00 4.443555940310452534e+00
2.341051411297117857e-01 2.772252395009480730e-01 3.234768286498662659e-01 3.730412627107767554e-01 4.272732384531833238e-01 4.871478399713199958e-01 5.524047040487213289e-01 6.254861850642652321e-01 7.084320560221704088e-01 8.037738055075501764e-01 9.150650560900149832e-01 1.046673385006572587e+00 1.204326461900288914e+00 1.393730743001371897e+00 1.601981261770394793e+00 1.829965510186675859e+00 2.078571253582339740e+00 2.348684664815715362e+00 2.641191715743146595e+00 2.956976853014706030e+00 3.296927314179960877e+00 3.661926498124603579e+00 4.052857917693595269e+00 4.470605585156334882e+00
2.338723428086882383e-01 2.773401769626591129e-01 3.240166256653485011e-01 3.740764216804339237e-01 4.288256184191203690e-01 4.892058599304870414e-01 5.549701569200045093e-01 6.286116563218345776e-01 7.121790458846892768e-01 8.082117883074509956e-01 9.202708011269182808e-01 1.052733435959018582e+00 1.211341687300357517e+00 1.401866295891377012e+00 1.611351724103116112e+00 1.840691245089444372e+00 2.090778630613912004e+00 2.362505701744891162e+00 2.656764274726332697e+00 2.974444846278012644e+00 3.316440383061333375e+00 3.683639927298599570e+00 4.076933093100533867e+00 4.497210294572095535e+00
2.337419861977689250e-01 2.775577747691598263e-01 3.246572119676925938e-01 3.752086232342940475e-01 4.304725234222144259e-01 4.913591683805570987e-01 5.576339853382054068e-01 6.318397632377970030e-01 7.160342188975784561e-01 8.127654440868331553e-01 9.256024998156843209e-01 1.058933277532885908e+00 1.218516467690495153e+00 1.410185672736122831e+00 1.620932251274689762e+00 1.851656216922924481e+00 2.103256570599163933e+00 2.376630820909589659e+00 2.672677496558016230e+00 2.992292863916913959e+00 3.336374815480041001e+00 3.705820316024179828e+00 4.101523184826718627e+00 4.524380519352580343e+00
2.337048459669879563e-01 2.778687239292237376e-01 3.253893659400574068e-01 3.764290304191188485e-01 4.322055019415650401e-01 4.935993612116039708e-01 5.603875496325185779e-01 6.351613078153092173e-01 7.199879829446754753e-01 8.174242729186257383e-01 9.310486547940090007e-01 1.065260658805864402e+00 1.225836036724928357e+00 1.418672045319346431e+00 1.630704267367763638e+00 1.862838858627398064e+00 2.115980422942787875e+00 2.391033418735324378e+00 2.688901223494654324e+00 3.010486482370554384e+00 3.356694036953755678e+00 3.728425126136209578e+00 4.126581171595188557e+00 4.552065180478125583e+00
2.337523060286018084e-01 2.782644961801108430e-01 3.262048423682071263e-01 3.777297453720216414e-01 4.340167267388062577e-01 4.959184248434619358e-01 5.632226243591578196e-01 6.385678566422655633e-01 7.240311036768227737e-01 8.221785770579437269e-01 9.365987258900654311e-01 1.071703479168852224e+00 1.233287309124581732e+00 1.427309848609218390e+00 1.640649645154921510e+00 1.874218368510928379e+00 2.128927418938539873e+00 2.405686560588939482e+00 2.705405846592849439e+00 3.028993150827227421e+00 3.377360317943992385e+00 3.751414955886365199e+00 4.152063677082062476e+00 4.580215869002904228e+00
2.338778459065939397e-01 2.787384715839541505e-01 3.270968656310906941e-01 3.791041615080812943e-01 4.358996497561782313e-01 4.983097443759925693e-01 5.661323661720846223e-01 6.420520560511230324e-01 7.281559447321711565e-01 8.270202598221562118e-01 9.422435500784211992e-01 1.078251767047904597e+00 1.240858463107724408e+00 1.436085927133322393e+00 1.650753163329509166e+00 1.885778138252429237e+00 2.142078000272478189e+00 2.420568608198916838e+00 2.722166574483234402e+00 3.047786379615329277e+00 3.398344760657617147e+00 3.774755899476738730e+00 4.177933047193556959e+00 4.608791586088755388e+00
2.340743857082160650e-01 2.792836792007046265e-01 3.280588234385657387e-01 3.805458087652190957e-01 4.378481579831762782e-01 5.007670801850652165e-01 5.691100825580324152e-01 6.456071782619501320e-01 7.323553490762445550e-01 8.319413468964098612e-01 9.479749936728144588e-01 1.084896101651218636e+00 1.248538926221411716e+00 1.444988051028195386e+00 1.661001036895004779e+00 1.897501823162734524e+00 2.155413712058799725e+00 2.435659356381630669e+00 2.739160969180267635e+00 3.066839432446336389e+00 3.419617502039775214e+00 3.798416057028489945e+00 4.204154856568960597e+00 4.637754293323682830e+00
2.343363449881047944e-01 2.798943909380288142e-01 3.290849250894526401e-01 3.820490772083402486e-01 4.398565517721362839e-01 5.032847623299805395e-01 5.721501524921411841e-01 6.492269773595970017e-01 7.366230308731088749e-01 8.369351165669314252e-01 9.537852088785743199e-01 1.091627956418319112e+00 1.256319133196628357e+00 1.454004843864392660e+00 1.671379778102352276e+00 1.909374679619954218e+00 2.168918727874590946e+00 2.450939959780652710e+00 2.756368106867366663e+00 3.086129426484343075e+00 3.441153423407567580e+00 3.822367777304364278e+00 4.230697027895859996e+00 4.667069127107446924e+00
2.346580704367485781e-01 2.805650028984345568e-01 3.301696539716026946e-01 3.836089212829912887e-01 4.419199287049528357e-01 5.058578859429202490e-01 5.752472864651698714e-01 6.529060367838265266e-01 7.409528482600719057e-01 8.419952163355931551e-01 9.596673695360403711e-01 1.098439538931142323e+00 1.264190210919414525e+00 1.463126583462131425e+00 1.681878770528041800e+00 1.921383972648504690e+00 2.182577431383450062e+00 2.466394096326655738e+00 2.773769387675333320e+00 3.105636057550419160e+00 3.462929968577114881e+00 3.846584885182567692e+00 4.257532150477207011e+00 4.696705842572585610e+00
2.350355394896562478e-01 2.812912878523510796e-01 3.313089818269709386e-01 3.852210144096167577e-01 4.440339391834603466e-01 5.084818025493763605e-01 5.783966947401663061e-01 6.566394546855008896e-01 7.453397053253443261e-01 8.471158806568601651e-01 9.656154844141312532e-01 1.105324435413889139e+00 1.272144131032106662e+00 1.472343394166264030e+00 1.692486926316136620e+00 1.933517085195424645e+00 2.196376419162987315e+00 2.482006028537910414e+00 2.791347007658097290e+00 3.125339347192673145e+00 3.484924851064727491e+00 3.871043392560574947e+00 4.284632898760948549e+00 4.726634407045542829e+00
2.354638849622223418e-01 2.820687143836020927e-01 3.324981521399634765e-01 3.868808874087159566e-01 4.461944981746246430e-01 5.111524956112901696e-01 5.815942563513128993e-01 6.604228874205024802e-01 7.497789139700618000e-01 8.522921495685624738e-01 9.716238309427959186e-01 1.112276026616100255e+00 1.280174395229349171e+00 1.481648210524524556e+00 1.703195386562050606e+00 1.945764640303970561e+00 2.210304463561539645e+00 2.497762966503369153e+00 2.809087190276830182e+00 3.145223244513215555e+00 3.507120600625369011e+00 3.895724042972775525e+00 4.311978641372204102e+00 4.756831900125984447e+00
2.359396173659105145e-01 2.828932552193582639e-01 3.337334894365840410e-01 3.885850340443059991e-01 4.483977898283998953e-01 5.138661302277339749e-01 5.848360348185117630e-01 6.642520194930495725e-01 7.542660644464478370e-01 8.575194536018558855e-01 9.776873133636463375e-01 1.119288722053176866e+00 1.288273961640137300e+00 1.491032968741513365e+00 1.713995138042727184e+00 1.958115973696896273e+00 2.224349950367763284e+00 2.513652030426425821e+00 2.826974969820710726e+00 3.165272493360546058e+00 3.529499077663490247e+00 3.920606383524486205e+00 4.339547286289186623e+00 4.787273872380826134e+00
2.364587387023071308e-01 2.837613958477063214e-01 3.350113992808305130e-01 3.903298067449026409e-01 4.506406039083288295e-01 5.166192841071325370e-01 5.881182610675552702e-01 6.681231033458714386e-01 7.587970185137473678e-01 8.627932972269225509e-01 9.838011555321842794e-01 1.126357319708473970e+00 1.296436911052951446e+00 1.500490936246539064e+00 1.724878513099181276e+00 1.970562372813985608e+00 2.238503232934621057e+00 2.529661813248365032e+00 2.844998217034967247e+00 3.185471653883293008e+00 3.552044081622888871e+00 3.945673935634417706e+00 4.367318948721067962e+00 4.817939062591759303e+00
2.370184165183292779e-01 2.846699582390332939e-01 3.363287258983650996e-01 3.921123267211051866e-01 4.529197669203522403e-01 5.194089399820678299e-01 5.914379794538363599e-01 6.720329626863285055e-01 7.633685054945830162e-01 8.681098787766724501e-01 9.899612380304950721e-01 1.133477010224587911e+00 1.304658143422394723e+00 1.510015616221228596e+00 1.735838694736183685e+00 1.983095744822756412e+00 2.252754567683329601e+00 2.545782136061894185e+00 2.863145023756525021e+00 3.205809690359087138e+00 3.574743092872705752e+00 3.970910901409206328e+00 4.395277621181310046e+00 4.848809156998803438e+00
2.376158971341428561e-01 2.856162613634475322e-01 3.376827406271797338e-01 3.939298485661588134e-01 4.552325675012066641e-01 5.222322111651650500e-01 5.947920986503734131e-01 6.759782469843608199e-01 7.679770386581754593e-01 8.734657590997582099e-01 9.961635710473309979e-01 1.140643550022222730e+00 1.312932627407274122e+00 1.519601571405580165e+00 1.746868709745962533e+00 1.995708689237887912e+00 2.267095795905247346e+00 2.562003490049223231e+00 2.881405095967247032e+00 3.226272554740650556e+00 3.597581181656611005e+00 3.996301583302793947e+00 4.423405305714405600e+00 4.879865404955800123e+00
2.382483789257848483e-01 2.865972837133383688e-01 3.390706173448451155e-01 3.957796049380354897e-01 4.575764972401781816e-01 5.250865494958357749e-01 5.981778728579412174e-01 6.799562457015276840e-01 7.726196241839411449e-01 8.788574830601453280e-01 1.002404775227342837e+00 1.147852867869472826e+00 1.321255551796337135e+00 1.529243636630767122e+00 1.757962486783528844e+00 2.008394321212622735e+00 2.281519059797056048e+00 2.578316882862197179e+00 2.899768144965789052e+00 3.246850815033700322e+00 3.620546779582354269e+00 4.021833728898244864e+00 4.451688609813861497e+00 4.911091601356676328e+00
2.389132050027192866e-01 2.876107880364551783e-01 3.404899796356348762e-01 3.976593026028083511e-01 4.599492014799047568e-01 5.279695708490619310e-01 6.015931391505745518e-01 6.839644072960583410e-01 7.772933976661565714e-01 8.842823567485084135e-01 1.008681505029224157e+00 1.155101386604651115e+00 1.329622881537358969e+00 1.538936670193557843e+00 1.769114886401792042e+00 2.021146284796043524e+00 2.296017300646941983e+00 2.594714900885359832e+00 2.918225496242956130e+00 3.267533824239408080e+00 3.643628653603174783e+00 4.047493371986094601e+00 4.480113224671791627e+00 4.942473238472532060e+00
2.396079017562474656e-01 2.886539997829280502e-01 3.419383509798593623e-01 3.995665235649042413e-01 4.623484191933581733e-01 5.308789903029961232e-01 6.050351297353918634e-01 6.880001106478715878e-01 7.819958732397016554e-01 8.897373690570807847e-01 1.014990728812953380e+00 1.162385778177013496e+00 1.338031336084825496e+00 1.548676558818242732e+00 1.780321259887808649e+00 2.033959216968475037e+00 2.310584534111550514e+00 2.611190536160757691e+00 2.936769689119233195e+00 3.288313797278349604e+00 3.666817704053346727e+00 4.073272202883011950e+00 4.508667954694865365e+00 4.973998736179570557e+00
2.403311611632079348e-01 2.897255102138013849e-01 3.434140267963792792e-01 4.014996795220522330e-01 4.647722878803172697e-01 5.338128167229376775e-01 6.085020872862582086e-01 6.920615034677137789e-01 7.867248743730230753e-01 8.952201281255570686e-01 1.021329838526234157e+00 1.169703079337079288e+00 1.346476683182977752e+00 1.558459552270851756e+00 1.791576259783701719e+00 2.046827797271922655e+00 2.325214627426196223e+00 2.627736133843053157e+00 2.955392381095307108e+00 3.309181254381176718e+00 3.690103943586799051e+00 4.099158400430503058e+00 4.537341598314636570e+00 5.005652996197049731e+00
2.410808596219966293e-01 2.908233666886362867e-01 3.449152011744431312e-01 4.034568250826088276e-01 4.672190350746252552e-01 5.367692843097527922e-01 6.119919120290785441e-01 6.961461887745074018e-01 7.914781114362204884e-01 9.007282593168745022e-01 1.027696188683141498e+00 1.177050205044301689e+00 1.354955881357322811e+00 1.568281297906231719e+00 1.802875549482927386e+00 2.059746662366293890e+00 2.339901463597469977e+00 2.644345919940676470e+00 2.974086426979340558e+00 3.330127992811983351e+00 3.713478187641247263e+00 4.125141568697298311e+00 4.566121392424495440e+00 5.037424385500535173e+00
2.418550771748394779e-01 2.919452533494324431e-01 3.464397707776538660e-01 4.054360208091153939e-01 4.696868945801798700e-01 5.397467721978559396e-01 6.155030843740266766e-01 7.002525235546191995e-01 7.962535733982307740e-01 9.062600169608584499e-01 1.034087357655378181e+00 1.184424835622074790e+00 1.363466406416125043e+00 1.578138930297354969e+00 1.814216005934108145e+00 2.072712272151870927e+00 2.354640906912204290e+00 2.661014720896848207e+00 2.992846735758019960e+00 3.351148286785137209e+00 3.736934176567491050e+00 4.151214381037305223e+00 4.595000928303523580e+00 5.069304362766515304e+00
2.426522209053030010e-01 2.930901851460753771e-01 3.479863316358965952e-01 4.074359679228646836e-01 4.721744044295507203e-01 5.427435703492500263e-01 6.190336828925701029e-01 7.043787420974264579e-01 8.010496011087953061e-01 9.118127229010929424e-01 1.040501230059309501e+00 1.191824307357631341e+00 1.372005285797600838e+00 1.588028996727621545e+00 1.825593529420213246e+00 2.085719673313592981e+00 2.369427705868037748e+00 2.677736815127391257e+00 3.011666371093529193e+00 3.372234880561232551e+00 3.760463247120441554e+00 4.177368660408916412e+00 4.623968530940686605e+00 5.101282639908385264e+00
2.434708840886659342e-01 2.942562963608212900e-01 3.495534729679011243e-01 4.094552288278261454e-01 4.746800634196210456e-01 5.457581963007821502e-01 6.225824772269294982e-01 7.085234870164579535e-01 8.058644305332532953e-01 9.173851924090697940e-01 1.046936278080827787e+00 1.199246913672171289e+00 1.380569805657658078e+00 1.597948894663904662e+00 1.837005017488535508e+00 2.098766067138960967e+00 2.384257929089182770e+00 2.694507701173669556e+00 3.030540602580887644e+00 3.393381748285027477e+00 3.784059311253602065e+00 4.203596514887389723e+00 4.653018379993630660e+00 5.133350079388140585e+00
2.443096910271325140e-01 2.954423355554557373e-01 3.511395724385996675e-01 4.114922429927556635e-01 4.772026274540572266e-01 5.487894447594703351e-01 6.261477589095133522e-01 7.126848698101722057e-01 8.106962289562097412e-01 9.229754168108583734e-01 1.053389844300929745e+00 1.206689909751322620e+00 1.389157826531190798e+00 1.607895606930013432e+00 1.848447057131969551e+00 2.111846701222193090e+00 2.399127576241113946e+00 2.711322371190252323e+00 3.049464319068196705e+00 3.414583760411554536e+00 3.807716114733012969e+00 4.229891879355659690e+00 4.682141458939840462e+00 5.165496973441456419e+00
2.451677787972439126e-01 2.966473103763866970e-01 3.527438351032327057e-01 4.135460961553122927e-01 4.797410188198338865e-01 5.518359939205972342e-01 6.297284541174803518e-01 7.168618331342205829e-01 8.155438582012166648e-01 9.285819003431000640e-01 1.059860769001457426e+00 1.214151868716011551e+00 1.397766982931897717e+00 1.617866702285944092e+00 1.859917239536677203e+00 2.124959528187044810e+00 2.414032960150505058e+00 2.728177390612437136e+00 3.068432442280856876e+00 3.435835381488277829e+00 3.831428043389309757e+00 4.256247892532882382e+00 4.711331331815548751e+00 5.197717824975774725e+00
2.460431477295690617e-01 2.978693624186223854e-01 3.543645089337463250e-01 4.156154424345372411e-01 4.822938091907046920e-01 5.548967245518953151e-01 6.333233927574056787e-01 7.210528614191011876e-01 8.204060398431356482e-01 9.342033472259420046e-01 1.066347678882214156e+00 1.221630860765967386e+00 1.406395649159376093e+00 1.627859965284311983e+00 1.871412794378312316e+00 2.138100464795900990e+00 2.428970559664592077e+00 2.745068830184687947e+00 3.087441261824211303e+00 3.457132035165256134e+00 3.855189694873311090e+00 4.282658029247088827e+00 4.740581090429619060e+00 5.230004752592104289e+00
2.469352725074950572e-01 2.991078580111058982e-01 3.560008403415321210e-01 4.176991396829978775e-01 4.848602007215153664e-01 5.579706079132980001e-01 6.369311660578174106e-01 7.252570305622726421e-01 8.252813792754786215e-01 9.398383170475211879e-01 1.072848594150216384e+00 1.229125353241429464e+00 1.415041647795632018e+00 1.637873476710964837e+00 1.882930896163677481e+00 2.151267626111070808e+00 2.443937409734892263e+00 2.761992341789274441e+00 3.106485626263935984e+00 3.478469053968820113e+00 3.878995724470624129e+00 4.309117990173608526e+00 4.769884912701190416e+00 5.262350062625100300e+00
2.478430832222722480e-01 3.003617548285355543e-01 3.576519644614438720e-01 4.197964134975246675e-01 4.874390959012604441e-01 5.610565816050075982e-01 6.405511306362190460e-01 7.294731902183743122e-01 8.301687682736254015e-01 9.454856523908600208e-01 1.079362417021819898e+00 1.236634059103881578e+00 1.423703445896442155e+00 1.647904949756421544e+00 1.894469511167664377e+00 2.164458025008990649e+00 2.458930380253013137e+00 2.778945596543501040e+00 3.125563566693723150e+00 3.499842440985250214e+00 3.902842317826424878e+00 4.335622250341318207e+00 4.799237963263276008e+00 5.294749390760957297e+00
2.487655273750745966e-01 3.016301342353331361e-01 3.593166701724821444e-01 4.219062373807300204e-01 4.900295289579667535e-01 5.641537251214253645e-01 6.441819738187980482e-01 7.337003343461657723e-01 8.350670507609871951e-01 9.511439201524100051e-01 1.085887951191982115e+00 1.244155085158462182e+00 1.432379529114687688e+00 1.657952767245909342e+00 1.906026989539050032e+00 2.177669497740215121e+00 2.473947111005536215e+00 2.795925226378633166e+00 3.144671019856835059e+00 3.521248067274055149e+00 3.926725754371024113e+00 4.362166205753254644e+00 4.828634472300934455e+00 5.327196920820303383e+00
2.497019776055355855e-01 3.029119994283394068e-01 3.609942487317278625e-01 4.240278683910256863e-01 4.926309850832687465e-01 5.672612896936718441e-01 6.478230513044169747e-01 7.379374535803187030e-01 8.399754355001022299e-01 9.568124555529166075e-01 1.092423710739575560e+00 1.251687314142142293e+00 1.441068204949419007e+00 1.668015060085860979e+00 1.917600815970664119e+00 2.190899712685255629e+00 2.488984686424090764e+00 2.812928660293554373e+00 3.163804622106803244e+00 3.542683411491686307e+00 3.950640161144641560e+00 4.388745320721329612e+00 4.858070007671046575e+00 5.359686205864838016e+00
2.506516652163398029e-01 3.042066181036168770e-01 3.626837953992452235e-01 4.261604733822808022e-01 4.952422648222447599e-01 5.703782483440776874e-01 6.514734189835367228e-01 7.421837425067816518e-01 8.448927586290678748e-01 9.624899784312317408e-01 1.098969260678865689e+00 1.259229792505323298e+00 1.449767878789875564e+00 1.678089997016115387e+00 1.929188959707297535e+00 2.204146222972624969e+00 2.504040850578214794e+00 2.829952724627725402e+00 3.182961530650155080e+00 3.564144454402367046e+00 3.974583331765150440e+00 4.415355973535326051e+00 4.887538761664139919e+00 5.392212569260024679e+00
2.516132729735040541e-01 3.055130949841290966e-01 3.643844598591083894e-01 4.283031370175612307e-01 4.978629516139536637e-01 5.735041053102188924e-01 6.551325299580098571e-01 7.464382606911379447e-01 8.498182798773022961e-01 9.681756373838219520e-01 1.105523074486353119e+00 1.266781064904542342e+00 1.458478095286340981e+00 1.688176877872253678e+00 1.940791054027746654e+00 2.217407663477934943e+00 2.519113819877668803e+00 2.846995856844539485e+00 3.202138897313797194e+00 3.585628698291437821e+00 3.998552201620017232e+00 4.441994554390944039e+00 4.917039561483864674e+00 5.424772983656695580e+00
2.525860407644132111e-01 3.068304860762937070e-01 3.660953339735583678e-01 4.304552874273160912e-01 5.004921135838987789e-01 5.766381262933480967e-01 6.587992184389740435e-01 7.507005112721016893e-01 8.547513286163220814e-01 9.738688480253657742e-01 1.112084079129954661e+00 1.274340370492247132e+00 1.467196623350995877e+00 1.698273337677167483e+00 1.952403562171916906e+00 2.230681847876953228e+00 2.534201166749211254e+00 2.864054187847477451e+00 3.221333948392300250e+00 3.607131616466547008e+00 4.022542185106907198e+00 4.468656116941429168e+00 4.946564962998533765e+00 5.457360459870480796e+00
2.535705359548226512e-01 3.081589685535530698e-01 3.678166167331435310e-01 4.326164481378279025e-01 5.031293578729475469e-01 5.797793380885566394e-01 6.624732861731889022e-01 7.549695300468100001e-01 8.596909200048481470e-01 9.795682477709170000e-01 1.118651710709476887e+00 1.281906504685705661e+00 1.475923203685347351e+00 1.708379029628548373e+00 1.964026915713062760e+00 2.243967820460833540e+00 2.549301367178606892e+00 2.881127517741246535e+00 3.240545058815568868e+00 3.628652459567057065e+00 4.046551455972935862e+00 4.495339572719055710e+00 4.976113581363582838e+00 5.489973797288302926e+00
2.545646332950800006e-01 3.094968549311780115e-01 3.695466967625165022e-01 4.347856842897915297e-01 5.057739457881372802e-01 5.829277046283297681e-01 6.661537692784182951e-01 7.592450361810091364e-01 8.646363746129257510e-01 9.852736448710294193e-01 1.125225272828503487e+00 1.289478799906425222e+00 1.484656347603523940e+00 1.718491993121995076e+00 1.975658422655847346e+00 2.257263012556203208e+00 2.564412053903109889e+00 2.898212188092181840e+00 3.259769544941489627e+00 3.650188300787287510e+00 4.070577235328320498e+00 4.522040548391649928e+00 5.005681682572714841e+00 5.522608072195793305e+00
2.555687920183483119e-01 3.108444200076221908e-01 3.712857399120040869e-01 4.369627398096528892e-01 5.084254114769257704e-01 5.860821566340996824e-01 6.698401869092558414e-01 7.635259212493565872e-01 8.695873554943435169e-01 9.909841109667262282e-01 1.131803714939176198e+00 1.297055942961920616e+00 1.493395380267752204e+00 1.728611879944274232e+00 1.987297572778251809e+00 2.270566492648830259e+00 2.579532523277300982e+00 2.915307781172443047e+00 3.279005361118978890e+00 3.671736791834866676e+00 4.094616908996071558e+00 4.548756571397520432e+00 5.035266659625492025e+00 5.555259775248421406e+00
2.565822292241421998e-01 3.122006505349145811e-01 3.730327393408562897e-01 4.391469200554680152e-01 5.110831128489470299e-01 5.892424338594305366e-01 6.735320287615357282e-01 7.678118016487923692e-01 8.745428469225977608e-01 9.966988536370868790e-01 1.138386584176097838e+00 1.304637718541084457e+00 1.502138931526403098e+00 1.738736753098159671e+00 1.998942718702657162e+00 2.283876981154557839e+00 2.594660077829594513e+00 2.932411425702230456e+00 3.298250169522176645e+00 3.693295197050758816e+00 4.118667004043510715e+00 4.575484590803798213e+00 5.064864024924222718e+00 5.587926184946871544e+00
2.576040502906384311e-01 3.135652478849161873e-01 3.747873408947318685e-01 4.413378131631029433e-01 5.137465529686874310e-01 5.924081008281071314e-01 6.772287657185698251e-01 7.721022735359608369e-01 8.795026283044788951e-01 1.002417697629994775e+00 1.144973117687399622e+00 1.312223064014935048e+00 1.510886792864106987e+00 1.748866672737758199e+00 2.010593100871613359e+00 2.297193175342087557e+00 2.609794444080218767e+00 2.949522378721790350e+00 3.317503465791730388e+00 3.714862239576511627e+00 4.142727327180989683e+00 4.602222959797617641e+00 5.094473400471314584e+00 5.620604268765645450e+00
2.586339094135516881e-01 3.149373198997067469e-01 3.765489345083229411e-01 4.435348670351842437e-01 5.164153985311528139e-01 5.955785465957453839e-01 6.809298605201025145e-01 7.763967210989404233e-01 8.844658196321053545e-01 1.008139526406109487e+00 1.151562485967572158e+00 1.319811582520978854e+00 1.519637845063110504e+00 1.758999864357254195e+00 2.022247444342438971e+00 2.310514095869726781e+00 2.624933738021017593e+00 2.966638818467957517e+00 3.336762168466932188e+00 3.736435691700333184e+00 4.166794031066019421e+00 4.628968847964666899e+00 5.124090325742245433e+00 5.653291592996179560e+00
2.596713776208542934e-01 3.163167243125325490e-01 3.783171978773314792e-01 4.457376914314392646e-01 5.190893337938803365e-01 5.987533409184380151e-01 6.846349702990700559e-01 7.806947273177067270e-01 8.894323904162596550e-01 1.013864104662113075e+00 1.158154299579635671e+00 1.327402041000783850e+00 1.528391121865540159e+00 1.769136086206781311e+00 2.033904861734757485e+00 2.323838195689118979e+00 2.640076379050905864e+00 2.983759192650502268e+00 3.356025853313998386e+00 3.758014221185731696e+00 4.190866355645050945e+00 4.655719827236408648e+00 5.153712248077938263e+00 5.685983898720049723e+00
2.607162802690012327e-01 3.177031083731987615e-01 3.800915614492511585e-01 4.479457690682229210e-01 5.217675704223261324e-01 6.019320741087055282e-01 6.883435801532369336e-01 7.849956814545077100e-01 8.944012268823249290e-01 1.019590967004476934e+00 1.164747903100933346e+00 1.334994445207553282e+00 1.537146117794046640e+00 1.779274126757348640e+00 2.045564295141535371e+00 2.337164951553527104e+00 2.655222142316492118e+00 3.000882276423915584e+00 3.375291918029186267e+00 3.779595627775692357e+00 4.214941443684792510e+00 4.682474764206591367e+00 5.183338709360159946e+00 5.718681080659000493e+00
2.617682596953058716e-01 3.190961565162245273e-01 3.818721876730377107e-01 4.501589191985290728e-01 5.244501750723195022e-01 6.051141847380079319e-01 6.920553953820118842e-01 7.892994094098872981e-01 8.993725476017889742e-01 1.025319417699964042e+00 1.171343131207802868e+00 1.342588265774111056e+00 1.545902554602216705e+00 1.789413241769013618e+00 2.057225456969176136e+00 2.350493021387161541e+00 2.670369246962261744e+00 3.018007230414583741e+00 3.394559867200187764e+00 3.801178731854124582e+00 4.239018976373059466e+00 4.709231114772369331e+00 5.212967335226075249e+00 5.751379260794944770e+00
2.628263083912057430e-01 3.204949527061029535e-01 3.836578783907698686e-01 4.523766978390654780e-01 5.271364235536241116e-01 6.082998808734113583e-01 6.957699663513853272e-01 7.936053585294574608e-01 9.043454974122054901e-01 1.031049252830768648e+00 1.177939075936986990e+00 1.350182423090522832e+00 1.554659562604094658e+00 1.799553203153615222e+00 2.068887029498433172e+00 2.363821528251021320e+00 2.685516337710196932e+00 3.035132243402475005e+00 3.413828162543273148e+00 3.822762333048951522e+00 4.263096218851087471e+00 4.735987362694547897e+00 5.242594636240085926e+00 5.784076781924266442e+00
2.638907153412140549e-01 3.218997758590768088e-01 3.854488876632565231e-01 4.545987050716135403e-01 5.298263117278122492e-01 6.114881412205621647e-01 6.994866883241587230e-01 7.979134452105526298e-01 9.093199305611163741e-01 1.036780069558473460e+00 1.184535604796578712e+00 1.357776632365102820e+00 1.563416237408973730e+00 1.809692844785002919e+00 2.080548204657450828e+00 2.377149455469783845e+00 2.700663571099769733e+00 3.052256658822498192e+00 3.433095690182622839e+00 3.844344479220000110e+00 4.287171537331181170e+00 4.762742302538625516e+00 5.272220298534605831e+00 5.816771740325129336e+00
2.649610236856254075e-01 3.233100628464738446e-01 3.872446757511037174e-01 4.568247531714701992e-01 5.325192107514822304e-01 6.146792908704610259e-01 7.032058151816134028e-01 8.022227865658062562e-01 9.142953021843408523e-01 1.042511512034534960e+00 1.191132374564053187e+00 1.365370637750848548e+00 1.572172813085721765e+00 1.819832156669649814e+00 2.092208735255025154e+00 2.390476662586356049e+00 2.715809602574235093e+00 3.069379987012039734e+00 3.452361068912338737e+00 3.865924418594609779e+00 4.311244912928147599e+00 4.789493429448785200e+00 5.301842211730532384e+00 5.849463378283163983e+00
2.660367062206295818e-01 3.247251647259147278e-01 3.890447536031494402e-01 4.590542377640823291e-01 5.352150694588405644e-01 6.178724171512001151e-01 7.069266692729917478e-01 8.065336411729462363e-01 9.192715922964920239e-01 1.048243035732490558e+00 1.197728304344685801e+00 1.372963948996352768e+00 1.580928106845793879e+00 1.829969909261832450e+00 2.103867699112647482e+00 2.403801938622237344e+00 2.730952933730157906e+00 3.086500115994061932e+00 3.471623430389635612e+00 3.887500336244458676e+00 4.335313569618914897e+00 4.816240307375978524e+00 5.331458175471893490e+00 5.882147220426694467e+00
2.671175251887829560e-01 3.261452875031004006e-01 3.908492856347075550e-01 4.612872627095735423e-01 5.379133856519355827e-01 6.210678098197126573e-01 7.106488404479088805e-01 8.108452601783628921e-01 9.242481598092665562e-01 1.053974158697405850e+00 1.204323942902306488e+00 1.380556122180169654e+00 1.589681821931014261e+00 1.840106087681703917e+00 2.115524457243035616e+00 2.417124665686292584e+00 2.746093704375174749e+00 3.103617316771680290e+00 3.490881711213317917e+00 3.909072524362698253e+00 4.359377242735367197e+00 4.842981299479741431e+00 5.361067718621570499e+00 5.914825002703659074e+00
2.682035505330357394e-01 3.275699108146751248e-01 3.926577751746929690e-01 4.635235286386956699e-01 5.406142645378272382e-01 6.242646988195799107e-01 7.143724171312854088e-01 8.151576342809971898e-01 9.292249132076424445e-01 1.059705236900402969e+00 1.210918338983363762e+00 1.388146774365242697e+00 1.598434012254891678e+00 1.850240091051024605e+00 2.127178687968221293e+00 2.430444872607510742e+00 2.761230578400196922e+00 3.120730291991580696e+00 3.510135837751078292e+00 3.930638691144741959e+00 4.383435008783773235e+00 4.869714843966239215e+00 5.390669552028136913e+00 5.947492563913534980e+00
2.692937084287125860e-01 3.289984389893041983e-01 3.944694889665754656e-01 4.657623156865753900e-01 5.433170047247656287e-01 6.274631680316248294e-01 7.180969613956245112e-01 8.194704075185202941e-01 9.342013812576412946e-01 1.065435206619574915e+00 1.217511688924421520e+00 1.395735311386691491e+00 1.607183603677981631e+00 1.860371032883815667e+00 2.138829756857037800e+00 2.443760511227067944e+00 2.776363222844562717e+00 3.137838003478993443e+00 3.529383275782457918e+00 3.952198336526963285e+00 4.407484440025870143e+00 4.896439498970269533e+00 5.420261568013629905e+00 5.980149399257734366e+00
2.703885709942174809e-01 3.304313097183669834e-01 3.962848304114049980e-01 4.680039810159328795e-01 5.460217103001528960e-01 6.306630149783017947e-01 7.218223418245469647e-01 8.237835522398712085e-01 9.391776770381830008e-01 1.071164111793515561e+00 1.224103209848652840e+00 1.403321797239634350e+00 1.615930482513681765e+00 1.870499022130445610e+00 2.150477052031072311e+00 2.457071926204691614e+00 2.791490918697874690e+00 3.154939711012229253e+00 3.548624478561495099e+00 3.973750408581459226e+00 4.431525402086217369e+00 4.923154871641702179e+00 5.449842211785346890e+00 6.012793704722543708e+00
2.714875686730193749e-01 3.318678096195826210e-01 3.981032313372789289e-01 4.702478083927635888e-01 5.487280414042103871e-01 6.338637405785326751e-01 7.255478916939616107e-01 8.280964673191690828e-01 9.441530553396403347e-01 1.076891860076310214e+00 1.230692761945082037e+00 1.410905827188547734e+00 1.624674941464454569e+00 1.880623610659199363e+00 2.162120340125731843e+00 2.470379163718694482e+00 2.806613300120210042e+00 3.172035396246827954e+00 3.567859064479371067e+00 3.995294966665611902e+00 4.455558481869966059e+00 4.949860368603941296e+00 5.479412399355100050e+00 6.045427125950632252e+00
2.725905749055727023e-01 3.333079978639231222e-01 3.999246709655852605e-01 4.724940175161118638e-01 5.514357565328515953e-01 6.370653491178553951e-01 7.292739135986139321e-01 8.324091227318424213e-01 9.491276192074795670e-01 1.082618222720913570e+00 1.237280049790015157e+00 1.418487104357369688e+00 1.633415220023332504e+00 1.890743776657326958e+00 2.173758773219754303e+00 2.483680539396505793e+00 2.821728897730030550e+00 3.189123875921396678e+00 3.587084582728814031e+00 4.016829484668343220e+00 4.479579389728703731e+00 4.976553413622666788e+00 5.508968214445971512e+00 6.078044367442061002e+00
2.736971661579227777e-01 3.347511771687801674e-01 4.017487581154854936e-01 4.747420808228896005e-01 5.541447218269156538e-01 6.402675602918592723e-01 7.329999718720557889e-01 8.367211507520621039e-01 9.541008598541534935e-01 1.088342567106325820e+00 1.243865188356100493e+00 1.426065155683814867e+00 1.642152127494731051e+00 1.900859889032121330e+00 2.185391909030987456e+00 2.496976181747567303e+00 2.836838496103528229e+00 3.206204727219262640e+00 3.606302152565577401e+00 4.038354261312049331e+00 4.503590180369044127e+00 5.003234391837350969e+00 5.538511538601127882e+00 6.110646514563444320e+00
2.748072526834400287e-01 3.361975890134872857e-01 4.035753542693885643e-01 4.769919152846791022e-01 5.568547295789231244e-01 6.434702122058186813e-01 7.367259719937409024e-01 8.410325490804118065e-01 9.590731565627170774e-01 1.094064923429253655e+00 1.250447301643864861e+00 1.433639935261736387e+00 1.650885372460864753e+00 1.910971455203438252e+00 2.197020094445803373e+00 2.510265583786401855e+00 2.851940311855915233e+00 3.223277552473513996e+00 3.625510063169294028e+00 4.059869160440076286e+00 4.527589826385880478e+00 5.029902688821499268e+00 5.568038953645422673e+00 6.143232050636687980e+00
2.759207072513565895e-01 3.376471521165920753e-01 4.054044277780831651e-01 4.792433773961168320e-01 5.595658834918496582e-01 6.466732714585695652e-01 7.404519577424483190e-01 8.453432228938730919e-01 9.640437732684240535e-01 1.099785479115474640e+00 1.257026789911683817e+00 1.441211244522098811e+00 1.659614157183348260e+00 1.921078098317168248e+00 2.208642753242701318e+00 2.523548691122830423e+00 2.867035267466091941e+00 3.240341998496345965e+00 3.644708652614833344e+00 4.081373177980979428e+00 4.551576330414273563e+00 5.056557132356039652e+00 5.597552083532681522e+00 6.175801230435228995e+00
2.770372338995040207e-01 3.390991544235335553e-01 4.072354103695170480e-01 4.814962630974620184e-01 5.622774501295229044e-01 6.498764218775221480e-01 7.441772147212294408e-01 8.496527417695705076e-01 9.690126226449228275e-01 1.105503215338108358e+00 1.263603067870186170e+00 1.448778732124214708e+00 1.668338457235465144e+00 1.931179573527169513e+00 2.220259063900778873e+00 2.536824448360521789e+00 2.882121702043147327e+00 3.257396966569974683e+00 3.663896221294265398e+00 4.102864420577540194e+00 4.575549421869871125e+00 5.083195992136600339e+00 5.627047195519931932e+00 6.208350181747087859e+00
2.781566263536136008e-01 3.405537087939349283e-01 4.090684885068652243e-01 4.837504880177574407e-01 5.649895890817363542e-01 6.530794797178995914e-01 7.479018406408384223e-01 8.539610639281873805e-01 9.739795185306152625e-01 1.111218355725781315e+00 1.270176288310541635e+00 1.456341893853196234e+00 1.677058087373430206e+00 1.941275440985067435e+00 2.231869038332946698e+00 2.550092642702919576e+00 2.897199573482228008e+00 3.274442635635539833e+00 3.683073624305979177e+00 4.124344055214578475e+00 4.599509293619521877e+00 5.109819348732229649e+00 5.656526238765455794e+00 6.240881877529703914e+00
2.792790412865543970e-01 3.420108961685500160e-01 4.109036467699000439e-01 4.860057319212817140e-01 5.677022100466788679e-01 6.562821890208682118e-01 7.516258641699350429e-01 8.582680642335902554e-01 9.789447042037224822e-01 1.116931029471190495e+00 1.276745601410962383e+00 1.463901327000545205e+00 1.685772701429673948e+00 1.951365412306090841e+00 2.243472121095611449e+00 2.563353957768744085e+00 2.912269364086055745e+00 3.291478065335833758e+00 3.702239265949843983e+00 4.145811132639140695e+00 4.623454335979586993e+00 5.136427293241359493e+00 5.685987252165490169e+00 6.273392693882932747e+00
2.804042077720553250e-01 3.434701608260025130e-01 4.127403250772459509e-01 4.882621650565159843e-01 5.704151635685401622e-01 6.594848718759958039e-01 7.553487780761984904e-01 8.625735341312328330e-01 9.839075439563726988e-01 1.122640704636808984e+00 1.283311812008678388e+00 1.471455940386943162e+00 1.694482458677992520e+00 1.961449716750915728e+00 2.255069004602762384e+00 2.576606579117090678e+00 2.927329719284093912e+00 3.308503238785888811e+00 3.721393328254614552e+00 4.167264751015404833e+00 4.647385267451812574e+00 5.163018983899517522e+00 5.715429694800843841e+00 6.305883990595027910e+00
2.815318168457865977e-01 3.449316554058231010e-01 4.145784093656095792e-01 4.905193610516266900e-01 5.731282409885307683e-01 6.626869272178502746e-01 7.590709308262713062e-01 8.668774339714832022e-01 9.888681005672248503e-01 1.128347591351716028e+00 1.289873830757843676e+00 1.479006395177395072e+00 1.703186709577009905e+00 1.971527721340396111e+00 2.266657998326700341e+00 2.589851500577519339e+00 2.942380600661059997e+00 3.325517860116194324e+00 3.740535686956552031e+00 4.188704984647634078e+00 4.671300559169672795e+00 5.189593110626164574e+00 5.744853026868439905e+00 6.338353520352502102e+00
2.826613841039300468e-01 3.463947361706656292e-01 4.164179137155221699e-01 4.927770198383709110e-01 5.758413783109579409e-01 6.658883359947372904e-01 7.627919058573140454e-01 8.711796499546646810e-01 9.938263577327473008e-01 1.134050949853560919e+00 1.296432256604870492e+00 1.486551968609103991e+00 1.711885322357246553e+00 1.981599323675264035e+00 2.278239779544809274e+00 2.603087593613242046e+00 2.957421731761681105e+00 3.342520930088066500e+00 3.759664587800319868e+00 4.210130656572861341e+00 4.695199672499311916e+00 5.216148878815150880e+00 5.774257241871822544e+00 6.370801067563056641e+00
2.837936288740619539e-01 3.478601029614240558e-01 4.182588159388823668e-01 4.950355428720351614e-01 5.785544597479125306e-01 6.690892458661318321e-01 7.665116885363527643e-01 8.754797370079365759e-01 9.987819458313900167e-01 1.139751380846904638e+00 1.302986377191861278e+00 1.494092773027027254e+00 1.720578371604195800e+00 1.991663905510826726e+00 2.289814122182568301e+00 2.616314668768271012e+00 2.972452597962698118e+00 3.359512867125351576e+00 3.778781037827260381e+00 4.231541607871288413e+00 4.719082165697637166e+00 5.242686551063862055e+00 5.803639831558477624e+00 6.403226446524114657e+00
2.849277341817747500e-01 3.493270404721783295e-01 4.201008838310473226e-01 4.972945425018795440e-01 5.812673176790250640e-01 6.722893066207299428e-01 7.702299615346019923e-01 8.797782040991178887e-01 1.003734959410878869e+00 1.145448246399807468e+00 1.309536290986574425e+00 1.501628486479162250e+00 1.729265462329946379e+00 2.001722131307456021e+00 2.301379862297757040e+00 2.629532734457344034e+00 2.987473275951546103e+00 3.376492993068749726e+00 3.797884454473118954e+00 4.252937827744943000e+00 4.742948199478120408e+00 5.269206512915061147e+00 5.833001911770433701e+00 6.435628454313053304e+00
2.860638169675206455e-01 3.507952530900440569e-01 4.219438425713196716e-01 4.995537692468147717e-01 5.839797326133764344e-01 6.754883306136828525e-01 7.739468268768546766e-01 8.840742052313027566e-01 1.008684865418656429e+00 1.151141396344940837e+00 1.316082321396057520e+00 1.509159000693239827e+00 1.737946760884923503e+00 2.011773083468888945e+00 2.312938317038860880e+00 2.642742014857766275e+00 3.002483215501237979e+00 3.393460801843753316e+00 3.816973511171176003e+00 4.274318532902785073e+00 4.766797116047998273e+00 5.295706261671519144e+00 5.862343179826886796e+00 6.468006467623683697e+00
2.872018332744350477e-01 3.522653644303150311e-01 4.237879050711100826e-01 5.018135084307413507e-01 5.866918559811510336e-01 6.786865318558098492e-01 7.776620881892091219e-01 8.883681218527038626e-01 1.013632168261540345e+00 1.156831194818843445e+00 1.322623446562390725e+00 1.516684435876876069e+00 1.746621618157609301e+00 2.021817153228188335e+00 2.324487984774832317e+00 2.655941348859916395e+00 3.017482487519533407e+00 3.410416418787429294e+00 3.836049319057230012e+00 4.295684046386780253e+00 4.790628894819269235e+00 5.322186924799966690e+00 5.891662395114252604e+00 6.500360491105399596e+00
2.883417154911162572e-01 3.537365450403212042e-01 4.256327251290303870e-01 5.040732355419195176e-01 5.894035889874225109e-01 6.818836223125138707e-01 7.813757371642413574e-01 8.926600227294037015e-01 1.018576754667418705e+00 1.162517339112247861e+00 1.329160439610810540e+00 1.524204480730409372e+00 1.755290669025883155e+00 2.031853869067826501e+00 2.336029892988763734e+00 2.669131402681295562e+00 3.032470543304902844e+00 3.427359752070620935e+00 3.855110933688081332e+00 4.317033464581269797e+00 4.814442705170589143e+00 5.348648809077289457e+00 5.920960549952863694e+00 6.532691755855704052e+00
2.894830828139904333e-01 3.552090469226392155e-01 4.274780936867479397e-01 5.063331617110296001e-01 5.921145732030833608e-01 6.850794906374915172e-01 7.850874626463154593e-01 8.969491145765304818e-01 1.023517868619885807e+00 1.168199442200041904e+00 1.335692405823535545e+00 1.531718717899062776e+00 1.763953028770369302e+00 2.041882992261651708e+00 2.347562596081012032e+00 2.682311464274908186e+00 3.047447914964973581e+00 3.444290492595177167e+00 3.874157601508807947e+00 4.338367032208152452e+00 4.838238388470513129e+00 5.375088781567929352e+00 5.950235615697223146e+00 6.564997242129433808e+00
2.906261046611217647e-01 3.566827787429215912e-01 4.293244909948188970e-01 5.085928736216615009e-01 5.948250493202793532e-01 6.882742123047677074e-01 7.887976520623718457e-01 9.012361471606367136e-01 1.028456110666430057e+00 1.173877954426668646e+00 1.342219965131502990e+00 1.539227997287739624e+00 1.772609121576640412e+00 2.051904912681606241e+00 2.359087239381068457e+00 2.695481466935565340e+00 3.062413670193568027e+00 3.461208565518083535e+00 3.893190658741381149e+00 4.359684254794857772e+00 4.862015490300112930e+00 5.401509561274180804e+00 5.979488385109180903e+00 6.597277907004812647e+00
2.917702004492380152e-01 3.581572917965432645e-01 4.311707383021588513e-01 5.108525132192963669e-01 5.975345717600754059e-01 6.914675855517473657e-01 7.925056371883395512e-01 9.055204752179206729e-01 1.033390875159019284e+00 1.179552343946283388e+00 1.348742697593977580e+00 1.546731032324534238e+00 1.781258191410578950e+00 2.061919150685178614e+00 2.370602467455839690e+00 2.708642025217722349e+00 3.077367979857466906e+00 3.478113238654738648e+00 3.912208895702429245e+00 4.380984369362423081e+00 4.885774790703777626e+00 5.427909425065798210e+00 6.008717694540101739e+00 6.629531537279167885e+00
2.929160869515747279e-01 3.596330982892387285e-01 4.330179887055087273e-01 5.131121955371357179e-01 6.002433052655747892e-01 6.946593603168895736e-01 7.962119676654342282e-01 9.098022064897371974e-01 1.038322653780821225e+00 1.185222619601762339e+00 1.355260755746662937e+00 1.554228851466280092e+00 1.789900828590762716e+00 2.071925096225891494e+00 2.382108768887692296e+00 2.721791511721330270e+00 3.092309968802224862e+00 3.495004021722260212e+00 3.931211321779543244e+00 4.402267832786017188e+00 4.909514253774898584e+00 5.454287354530411136e+00 6.037923660583220276e+00 6.661760032178651869e+00
2.940629897946143712e-01 3.611095300573231026e-01 4.348653608075854216e-01 5.153713956092678128e-01 6.029513850098715544e-01 6.978497205374696311e-01 7.999161286698832640e-01 9.140814023275175559e-01 1.043250711931135166e+00 1.190888727042781703e+00 1.361773557755374231e+00 1.561720322822648166e+00 1.798536807641171187e+00 2.081923955302980911e+00 2.393606523195821900e+00 2.734930230372297988e+00 3.107240792150741004e+00 3.511882075904128264e+00 3.950199113175833610e+00 4.423533883188273563e+00 4.933235144645001569e+00 5.480644693447380256e+00 6.067105526794397186e+00 6.693962704494308191e+00
2.952114492270083712e-01 3.625868909524949668e-01 4.367132317179167056e-01 5.176303651692588659e-01 6.056582429372351362e-01 7.010385748705024733e-01 8.036180682612572568e-01 9.183575165989772415e-01 1.048175432301997168e+00 1.196550548693168459e+00 1.368281442011472393e+00 1.569205972495130386e+00 1.807165803773283175e+00 2.091914121021949402e+00 2.405094355735099221e+00 2.748059216550160055e+00 3.122159691703427331e+00 3.528746086572051244e+00 3.969170855155553568e+00 4.444783020622653957e+00 4.956936950070089054e+00 5.506980383753358410e+00 6.096263882489113328e+00 6.726139079687938782e+00
2.963606366770902278e-01 3.640649621413530324e-01 4.385613988979941702e-01 5.198889202492169570e-01 6.083643909715391596e-01 7.042260369614298243e-01 8.073179552045137708e-01 9.226310694756751918e-01 1.053096856353826993e+00 1.202208544803053947e+00 1.374784351841816354e+00 1.576685909625791693e+00 1.815788146926604618e+00 2.101896996629902148e+00 2.416573630529770700e+00 2.761177238292441327e+00 3.137065730187001300e+00 3.545596877255219326e+00 3.988127830345987501e+00 4.466015035047935733e+00 4.980618895556347958e+00 5.533294699977563624e+00 6.125399037200700114e+00 6.758288920044221548e+00
2.975112138552303276e-01 3.655438417641025950e-01 4.404094384011814078e-01 5.221472620020254363e-01 6.110691849214738847e-01 7.074116938040996283e-01 8.110156574143060348e-01 9.269019829811162570e-01 1.058014671772951498e+00 1.207861840810142029e+00 1.381282163586556644e+00 1.584159811496067993e+00 1.824402952168828529e+00 2.111870740361815990e+00 2.428043134812349901e+00 2.774284640443855476e+00 3.151959615662795144e+00 3.562433231498359998e+00 4.007068705862298685e+00 4.487228985112966306e+00 5.004280477311205289e+00 5.559586562162837531e+00 6.154508170611131312e+00 6.790410481925733599e+00
2.986621468824476322e-01 3.670227441335467411e-01 4.422574665859111964e-01 5.244047265095198584e-01 6.137730792979071426e-01 7.105955825671013137e-01 8.147109994150310008e-01 9.311698450745722333e-01 1.062928813366657677e+00 1.213511106866624889e+00 1.387774686568507221e+00 1.591627636933854895e+00 1.833011139122710409e+00 2.121836975538237802e+00 2.439503191590569831e+00 2.787380772199306911e+00 3.166841477228448554e+00 3.579255646642618860e+00 4.025993914853778222e+00 4.508425246100266293e+00 5.027923093350595174e+00 5.585856268161802696e+00 6.183593835385042148e+00 6.822505811528464470e+00
2.998142237409168742e-01 3.685025887666398270e-01 4.441057755839065702e-01 5.266616668839845250e-01 6.164755857459291999e-01 7.137777082509955129e-01 8.184040329418187376e-01 9.354344777351644158e-01 1.067839475556214834e+00 1.219155667618252892e+00 1.394262010890383374e+00 1.599089274021063156e+00 1.841612032293736823e+00 2.131794852413486652e+00 2.450953178259755560e+00 2.800466617057666419e+00 3.181710846178948948e+00 3.596063997394915557e+00 4.044903226728084000e+00 4.529603487193696765e+00 5.051545263822753817e+00 5.612103881363017521e+00 6.212654342343112646e+00 6.854573730560471034e+00
3.009674572755055566e-01 3.699828962754718176e-01 4.459540590571737795e-01 5.289182082345149638e-01 6.191768729916454772e-01 7.169582970323612470e-01 8.220947750601027559e-01 9.396965332094847634e-01 1.072746501420305254e+00 1.224796098434135061e+00 1.400743820205310852e+00 1.606544540063322701e+00 1.850205635807345983e+00 2.141744630724900400e+00 2.462394491476163960e+00 2.813540833367682570e+00 3.196567571946983488e+00 3.612858489886106916e+00 4.063796739323125351e+00 4.550764227504724424e+00 5.075147973259078071e+00 5.638329230610995779e+00 6.241690020911212500e+00 6.886614543041577718e+00
3.021208957435111420e-01 3.714633319750648699e-01 4.478019799717626870e-01 5.311738062958454298e-01 6.218768517563642018e-01 7.201367848326036825e-01 8.257832081475803276e-01 9.439554668964549311e-01 1.077649684385256323e+00 1.230431941690137254e+00 1.407220437987217743e+00 1.613993927711232734e+00 1.858792271986418498e+00 2.151685255109396788e+00 2.473825882060212145e+00 2.826604179625292979e+00 3.211411840838029885e+00 3.629638208917708386e+00 4.082673368107422540e+00 4.571906228425389074e+00 5.098729284338872958e+00 5.664531340949297444e+00 6.270700369070495661e+00 6.918627066103315570e+00
3.032757780742829090e-01 3.729446085503501096e-01 4.496499650621114674e-01 5.334289664213374138e-01 6.245756407205815819e-01 7.233133313726115565e-01 8.294690026842103103e-01 9.482109751955507537e-01 1.082549084937928452e+00 1.236063012854102583e+00 1.413691786844467391e+00 1.621436754426886395e+00 1.867371409502945001e+00 2.161618046124160308e+00 2.485246834577319319e+00 2.839656873627637523e+00 3.226243244962123669e+00 3.646403552119993119e+00 4.101534406460383586e+00 4.593030169544681129e+00 5.122290875747479433e+00 5.690711279451795335e+00 6.299685810235990502e+00 6.950611647560815065e+00
3.044307946922623076e-01 3.744256394104598096e-01 4.514976345423872273e-01 5.356830883552357037e-01 6.272730967766486643e-01 7.264880722731866802e-01 8.331520650499468772e-01 9.524636058412777606e-01 1.087444723888002951e+00 1.241689752930679624e+00 1.420157733506123288e+00 1.628873391987349484e+00 1.875943227860404239e+00 2.171541772233271494e+00 2.496658918170027164e+00 2.852697198221485042e+00 3.241061720724545125e+00 3.663154294276432132e+00 4.120378442330093094e+00 4.614135502582898951e+00 5.145832053765012404e+00 5.716867619871695894e+00 6.328645347443488944e+00 6.982567766273386489e+00
3.055863651392040636e-01 3.759067435600541573e-01 4.533449813437822051e-01 5.379364170749603158e-01 6.299690470657481889e-01 7.296605960473906416e-01 8.368331116090683697e-01 9.567132848148127700e-01 1.092336582349959118e+00 1.247311887749242398e+00 1.426618450712035635e+00 1.636303401084818088e+00 1.884507844502553819e+00 2.181457617204101140e+00 2.508060565569063982e+00 2.865727439634063956e+00 3.255867567569998844e+00 3.679890572703377494e+00 4.139207004754817731e+00 4.635223664983250558e+00 5.169351915438719303e+00 5.743002179795300144e+00 6.357580736442445257e+00 7.014497122544086416e+00
3.067425827643055491e-01 3.773884182163427803e-01 4.551919800873630018e-01 5.401887376190273038e-01 6.326635322766180902e-01 7.328315049325047070e-01 8.405111476741347065e-01 9.609592928559728131e-01 1.097224277480419508e+00 1.252929090309403692e+00 1.433073337089958876e+00 1.643727426418181148e+00 1.893064909572398591e+00 2.191364598662303376e+00 2.519452300903390896e+00 2.878745662586193355e+00 3.270660494378128558e+00 3.696612400364372331e+00 4.158018366170519897e+00 4.656291601835252258e+00 5.192851616981142726e+00 5.769112521327102172e+00 6.386489312174690625e+00 7.046396829297656872e+00
3.078993668750120705e-01 3.788704220787475485e-01 4.570389967894666894e-01 5.424404827543995999e-01 6.353565708285524583e-01 7.360000654730658454e-01 8.441868332354791615e-01 9.652026927803100120e-01 1.102108356939492495e+00 1.258542369347266821e+00 1.439523194243917725e+00 1.651144525666969676e+00 1.901614815272825165e+00 2.201262915841533552e+00 2.530834580057076622e+00 2.891752591305220221e+00 3.285440090571356553e+00 3.713319665828487715e+00 4.176813258141170770e+00 4.677342067791385283e+00 5.216331032414737834e+00 5.795201262274122023e+00 6.415372396109377817e+00 7.078268731982039874e+00
3.090562906607418059e-01 3.803519334279247266e-01 4.588851530653658695e-01 5.446909452004956576e-01 6.380479117929902522e-01 7.391665660477102495e-01 8.478596672086727848e-01 9.694423868099565356e-01 1.106988360914603176e+00 1.264150274657831696e+00 1.445966949803530799e+00 1.658555628261318082e+00 1.910156669765279647e+00 2.211152702770335932e+00 2.542206432879215328e+00 2.904747932399053933e+00 3.300207307152275060e+00 3.730011618989200084e+00 4.195591229562261937e+00 4.698373308142308247e+00 5.239788709675340606e+00 5.821265544744758991e+00 6.444230524843389318e+00 7.110111952530134616e+00
3.102140724863532983e-01 3.818337796376917725e-01 4.607311910640300434e-01 5.469407471760379114e-01 6.407377723277852821e-01 7.423312790063095745e-01 8.515302663017436657e-01 9.736787669483580876e-01 1.111864443333226093e+00 1.269753738499804996e+00 1.452405691972217250e+00 1.665960458568900959e+00 1.918691567049877422e+00 2.221034028247585113e+00 2.553568603712315088e+00 2.917732722520950617e+00 3.314961030891537597e+00 3.746689442233202882e+00 4.214353839075605457e+00 4.719386164004902184e+00 5.263226468860957574e+00 5.847307648186403028e+00 6.473062804884904153e+00 7.141927931155111153e+00
3.113719261605838451e-01 3.833152881075894136e-01 4.625766022583665538e-01 5.491893605111320964e-01 6.434261039752738887e-01 7.454936456585505855e-01 8.551977760700982811e-01 9.779122066882203201e-01 1.116736728366462428e+00 1.275352617422837787e+00 1.458838242039417699e+00 1.673358284998219592e+00 1.927218905565152074e+00 2.230906018602124341e+00 2.564920863396862316e+00 2.930705059276693447e+00 3.329701517588453008e+00 3.763352152131640427e+00 4.233098221264882000e+00 4.740380231425286972e+00 5.286642517892634174e+00 5.873325505522174694e+00 6.501868744722143489e+00 7.173714698373965248e+00
3.125298789453367920e-01 3.847968950775986774e-01 4.644214805518296907e-01 5.514369184630518728e-01 6.461128359644117136e-01 7.486536142566894148e-01 8.588627633200854872e-01 9.821421137765099507e-01 1.121604973649330761e+00 1.280946725708876022e+00 1.465265615646623720e+00 1.680749904320843369e+00 1.935738850770296837e+00 2.240769918066016331e+00 2.576262437722617538e+00 2.943666284426449842e+00 3.344429438477657168e+00 3.780000203010386084e+00 4.251826769836628550e+00 4.761356091144303804e+00 5.310038389380883572e+00 5.899320474837589146e+00 6.530649540398016484e+00 7.205472622292172780e+00
3.136886318044332933e-01 3.862786536493357237e-01 4.662656950126885524e-01 5.536833072116194021e-01 6.487978752009830874e-01 7.518116603271183251e-01 8.625251925035667400e-01 9.863688035210879113e-01 1.126469236288471176e+00 1.286535835358073365e+00 1.471687672584726991e+00 1.688135284241278899e+00 1.944251094432055904e+00 2.250624719107410243e+00 2.587594788372512333e+00 2.956616234453028014e+00 3.359144372821030178e+00 3.796633426037812065e+00 4.270539075022456998e+00 4.782313061841234614e+00 5.333413137901700019e+00 5.925292558826972034e+00 6.559403695579684168e+00 7.237201877915422799e+00
3.148473475221177376e-01 3.877602197514315452e-01 4.681095247327347053e-01 5.559288631213580301e-01 6.514813627117265193e-01 7.549674181548481355e-01 8.661844037978585487e-01 9.905922522486159121e-01 1.131329201820828301e+00 1.292120402300428905e+00 1.478103843419748653e+00 1.695513533636189729e+00 1.952755693216573718e+00 2.260470667990156279e+00 2.598916531106788774e+00 2.969554168810130790e+00 3.373845795261863678e+00 3.813252077250094629e+00 4.289233487200417194e+00 4.803250310771008280e+00 5.356766241297553854e+00 5.951240359333489494e+00 6.588132051255904287e+00 7.268903108891590747e+00
3.160061942285467551e-01 3.892414217710702951e-01 4.699528112769752464e-01 5.581732048779410871e-01 6.541631663610560921e-01 7.581210492807268775e-01 8.698412002291255885e-01 9.948120855552660124e-01 1.136185548800580980e+00 1.297700129900457577e+00 1.484514664474885226e+00 1.702885734157154385e+00 1.961252654064102652e+00 2.270308410553114165e+00 2.610228064947523130e+00 2.982480730881451159e+00 3.388534108276372692e+00 3.829855243906901574e+00 4.307911549896799919e+00 4.824169757262169789e+00 5.380098826951082991e+00 5.977165397640642475e+00 6.616834653850479420e+00 7.300574785156311641e+00
3.171649863391932667e-01 3.907222675488010721e-01 4.717951604095625973e-01 5.604161626017418740e-01 6.568431316636798023e-01 7.612724173204190592e-01 8.734951710923258839e-01 9.990285419548670109e-01 1.141037558862807666e+00 1.303275047638159378e+00 1.490919479549773552e+00 1.710251308912799750e+00 1.969742367568570351e+00 2.280136733390945469e+00 2.621529734254441912e+00 2.995395510233491265e+00 3.403209119737215627e+00 3.846443513537811665e+00 4.326572488999350874e+00 4.845069159172018303e+00 5.403409491476796056e+00 6.003066573994684241e+00 6.645510731687449102e+00 7.332217830568589001e+00
3.183242268320380930e-01 3.922031487373892067e-01 4.736370288174582832e-01 5.626580268847510835e-01 6.595213438627018920e-01 7.644216455304430058e-01 8.771461764914875170e-01 1.003241841387464417e+00 1.145885511647720234e+00 1.308845153307664155e+00 1.497318755083176356e+00 1.717610036540359486e+00 1.978224314037565934e+00 2.289956623102654909e+00 2.632820868417100169e+00 3.008299014381990766e+00 3.417870547854210184e+00 3.863016850401135738e+00 4.345217102831175460e+00 4.865950213151051251e+00 5.426700322621506700e+00 6.028944506068266485e+00 6.674160635139549491e+00 7.363832338192028537e+00
3.194833617869220488e-01 3.936836622304872302e-01 4.754782120337811557e-01 5.648985973035060004e-01 6.621978733463348421e-01 7.675685551572257737e-01 8.807946661531897981e-01 1.007451525553318072e+00 1.150729666977780008e+00 1.314410413006511513e+00 1.503712935235065551e+00 1.724962483756740328e+00 1.986698790797988057e+00 2.299768117105843945e+00 2.644102648923138954e+00 3.021191188129682015e+00 3.432520131208830261e+00 3.879575674833727561e+00 4.363844966028575634e+00 4.886813362080320466e+00 5.449969646599276629e+00 6.054799047835942361e+00 6.702786542839064055e+00 7.395418227189978211e+00
3.206427040948945928e-01 3.951637830979862209e-01 4.773184871021757258e-01 5.671378968787939012e-01 6.648727756409179568e-01 7.707129431991934787e-01 8.844401510454810156e-01 1.011657763130743515e+00 1.155569556250349406e+00 1.319970761125384362e+00 1.510100847699906712e+00 1.732308352431864984e+00 1.995165615125888747e+00 2.309569805825902655e+00 2.655373794930646181e+00 3.034070886384079291e+00 3.447155328626417603e+00 3.896118669241881438e+00 4.382455539808724154e+00 4.907656557515130302e+00 5.473217474112445302e+00 6.080629908677487983e+00 6.731384564621079036e+00 7.426975242787035469e+00
3.218018488564778345e-01 3.966436770304879733e-01 4.791582833423077004e-01 5.693761806665026404e-01 6.675455559649312587e-01 7.738551623536885637e-01 8.880827317433855894e-01 1.015860704198852993e+00 1.160405027792666743e+00 1.325526479419493642e+00 1.516483259591621557e+00 1.739647720749869952e+00 2.003624554497196897e+00 2.319362997168609386e+00 2.666634400961225282e+00 3.046939427413186241e+00 3.461777729319157171e+00 3.912647735099474389e+00 4.401049331100740147e+00 4.928480591732494531e+00 5.496444317862427376e+00 6.106437299735543611e+00 6.759957234533493065e+00 7.458502265307023649e+00
3.229612753779603218e-01 3.981233013971043344e-01 4.809971296847423416e-01 5.716132023637939819e-01 6.702167680289375928e-01 7.769949733095057320e-01 8.917224914551854509e-01 1.020060143356804838e+00 1.165236977995228962e+00 1.331077446821660182e+00 1.522860118625505521e+00 1.746980631456678035e+00 2.012076224682402437e+00 2.329148043237519339e+00 2.677885988559424835e+00 3.059796552008964721e+00 3.476386737726428589e+00 3.929161936955139822e+00 4.419626765941139013e+00 4.949287385187528976e+00 5.519649957437398058e+00 6.132221956596794143e+00 6.788503645401388731e+00 7.490002852106629305e+00
3.241203761499852343e-01 3.996023982197584035e-01 4.828349837238424813e-01 5.738486951990590113e-01 6.728861512588460991e-01 7.801324065333057334e-01 8.953594960156834315e-01 1.024256186418145642e+00 1.170064494366188423e+00 1.336623510529886705e+00 1.529231338923628725e+00 1.754306662258283023e+00 2.020520312309223243e+00 2.338923832658422963e+00 2.689126584257185648e+00 3.072642449282443344e+00 3.490983296165530270e+00 3.945660795346076277e+00 4.438187014006248710e+00 4.970073925700709161e+00 5.542835316032814319e+00 6.157981884602137690e+00 6.817024077712235730e+00 7.521473496670783909e+00
3.252798018255099732e-01 4.010813102625204740e-01 4.846722473233766038e-01 5.760828734618831382e-01 6.755536960350743136e-01 7.832677724372232309e-01 8.989934750562985633e-01 1.028448920575186776e+00 1.174888071770320730e+00 1.342164873065011088e+00 1.535597210822861269e+00 1.761626641198879240e+00 2.028956909485801319e+00 2.348691087707185599e+00 2.700357610388018692e+00 3.085476203971141196e+00 3.505565570733949254e+00 3.962144306354394185e+00 4.456730906842957474e+00 4.990841931865264591e+00 5.565999317895262699e+00 6.183719528158139411e+00 6.845518681066785405e+00 7.552916084657359974e+00
3.264389217599955040e-01 4.025597589757099470e-01 4.865088628701871309e-01 5.783159447193477742e-01 6.782193778450914534e-01 7.864004790816901957e-01 9.026247740859039137e-01 1.032638070474180214e+00 1.179707461577291783e+00 1.347700936387029813e+00 1.541956764414320835e+00 1.768939642489593345e+00 2.037386070999241738e+00 2.358449541934431348e+00 2.711578458792203605e+00 3.098298923387038606e+00 3.520136008184907350e+00 3.978614107099911923e+00 4.475258019595507619e+00 5.011591834524980804e+00 5.589142672491754560e+00 6.209433954981955495e+00 6.873988161606010117e+00 7.584330274266582350e+00
3.275976378912607845e-01 4.040372406081735868e-01 4.883440662485799000e-01 5.805473471819462272e-01 6.808831572780054131e-01 7.895311027059473963e-01 9.062530835742130808e-01 1.036823679000027587e+00 1.184523123920924625e+00 1.353232629609002480e+00 1.548311466347825904e+00 1.776246435127131207e+00 2.045807352723640893e+00 2.368198876556237842e+00 2.722788960426418825e+00 3.111109563313953164e+00 3.534692071235609134e+00 3.995067765626660439e+00 4.493768430081515497e+00 5.032322111468246817e+00 5.612264710027160319e+00 6.235124088024185163e+00 6.902431036863003300e+00 7.615716284192749264e+00
3.287565903975405157e-01 4.055146990940097784e-01 4.901786930283554278e-01 5.827775154008407732e-01 6.835449800193699188e-01 7.926590109304658682e-01 9.098783932247160866e-01 1.041005770396972396e+00 1.189334021737310731e+00 1.358759301811845344e+00 1.554659866829627424e+00 1.783546451946827593e+00 2.054221190090206317e+00 2.377939696308419837e+00 2.733989402577446715e+00 3.123908596529073378e+00 3.549235548331913570e+00 4.011507355818033638e+00 4.512261531110731916e+00 5.053033614539089058e+00 5.635365288868658951e+00 6.260790726379284798e+00 6.930847049515439728e+00 7.647072037629889074e+00
3.299153002200374551e-01 4.069916156665000506e-01 4.920124188305814994e-01 5.850063687677905522e-01 6.862050577120782924e-01 7.957847558232913343e-01 9.135010029276874333e-01 1.045184701226339108e+00 1.194141314051003766e+00 1.364281055082461114e+00 1.561002975157041339e+00 1.790839967320604353e+00 2.062627525861195021e+00 2.387671597435776061e+00 2.745180031480427996e+00 3.136696452910067379e+00 3.563765406530043034e+00 4.027931428006047199e+00 4.530738442442242331e+00 5.073726496933785413e+00 5.658444817453702314e+00 6.286435257027288337e+00 6.959238617462290222e+00 7.678399613664588230e+00
3.310736475563970660e-01 4.084678748942139337e-01 4.938451367908078815e-01 5.872338130470982076e-01 6.888633118544846834e-01 7.989082770568524117e-01 9.171205443676485602e-01 1.049359758855061830e+00 1.198944285831436751e+00 1.369798370750375360e+00 1.567340529075705868e+00 1.798127232016907495e+00 2.071026265438134839e+00 2.397395112836541387e+00 2.756360016222680898e+00 3.149472436276863796e+00 3.578282783426840030e+00 4.044341366415268979e+00 4.549197786755894590e+00 5.094400827719009150e+00 5.681504276199746961e+00 6.312055581142032246e+00 6.987603865259917946e+00 7.709699554743705718e+00
